# Kurucz ODFNEW /NOVER models
# teff = 7000 K (value for the effective temperature for the model. Temperatures are given in K)
# logg = 4 log(cm/s2) (value for Log(G) for the model.)
# meta = 0  (value for the Metallicity for the model.)
# lh = 1.25  (l/Hp where l is the  mixing length of the convective element and Hp is the pressure scale height)
# vtur = 2.0 km/s (Microturbulence velocity)
#
# column 1: WAVELENGTH (ANGSTROM), Wavelength in Angstrom
# column 2: FLUX (ERG/CM2/S/A), Flux in erg/cm2/s/A
              0               0 
           90.9               0 
           93.5               0 
           96.1               0 
           97.7               0 
           99.6               0 
            102               0 
          103.8               0 
          105.6               0 
          107.7               0 
          110.4               0 
            114               0 
          117.8               0 
          121.3               0 
          124.8               0 
          127.1               0 
          128.4               0 
          130.5               0 
          132.4               0 
          133.9               0 
          136.6               0 
          139.8               0 
          143.3               0 
          147.2               0 
            151               0 
          155.2               0 
          158.8               0 
            162               0 
            166               0 
          170.3               0 
          173.4               0 
          176.8               0 
          180.2               0 
          181.7               0 
          186.1               0 
            191               0 
          193.9               0 
          198.4               0 
          201.8               0 
            205               0 
          210.5               0 
          216.2               0 
          219.8               0 
            223               0 
          226.8               0 
            230               0 
            234               0 
            240               0 
          246.5               0 
          252.4               0 
          256.8               0 
            260               0 
            264               0 
          268.5               0 
          273.5               0 
          278.5               0 
            284               0 
            290               0 
            296               0 
            301               0 
            308               0 
            318               0 
            328               0 
            338               0 
            348               0 
            357               0 
            366               0 
            375               0 
            385      3.9784e-24 
            395     2.59299e-23 
            405     1.53285e-22 
            414     7.02243e-22 
            422      2.5631e-21 
            430     8.88912e-21 
            441     4.54521e-20 
            451     1.86068e-19 
            460     6.25808e-19 
            470       2.273e-18 
            480     7.79248e-18 
            490     2.53261e-17 
            500     7.81865e-17 
            506     1.99227e-16 
            512     4.23589e-16 
            520     9.63518e-16 
            530     2.61029e-15 
            540     6.68501e-15 
            550     1.67144e-14 
            560     4.00841e-14 
            570     9.29686e-14 
            580     2.06496e-13 
            590     4.55409e-13 
            600     9.64942e-13 
            610     1.99178e-12 
            620     4.00388e-12 
            630     7.85582e-12 
            640     1.50655e-11 
            650     2.82677e-11 
            658     4.60538e-11 
            665     6.97644e-11 
            675     1.24423e-10 
            685     2.17845e-10 
            695      3.7445e-10 
            705     6.30359e-10 
            716      1.10508e-9 
            726      1.80533e-9 
            735      2.77242e-9 
            745      4.40347e-9 
            755      6.90113e-9 
            765      1.06789e-8 
            775      1.63061e-8 
            785      2.46216e-8 
            795       3.6384e-8 
            805       5.3924e-8 
            815      7.88994e-8 
            825      1.13923e-7 
            835      1.62855e-7 
            845      2.30547e-7 
            855      3.23383e-7 
            865      4.49464e-7 
            875      6.17728e-7 
            885      8.46173e-7 
            895      1.14713e-6 
            905      1.54073e-6 
            915      0.00194218 
            925      0.00636759 
            935      0.00869056 
            945        0.011791 
            955       0.0165393 
            965       0.0221602 
            975       0.0293581 
            985       0.0387883 
            995       0.0507165 
           1005       0.0677201 
           1015       0.0878431 
           1025        0.111266 
           1035        0.145529 
           1045        0.185918 
           1055         0.23637 
           1065        0.298312 
           1075        0.376329 
           1085        0.472152 
           1095        0.587644 
           1105         1.34503 
           1115         4.13693 
           1125          6.1399 
           1135         8.86273 
           1145         11.4681 
           1155         12.8786 
           1165         17.6756 
           1175         21.3635 
           1185         22.9594 
           1195         13.7612 
           1205         13.3413 
           1215         5.73278 
           1225         16.4264 
           1235          36.751 
           1245         77.3719 
           1255          154.39 
           1265         156.648 
           1275         228.593 
           1285          311.29 
           1295          378.14 
           1305         355.443 
           1315         496.264 
           1325         579.787 
           1335         654.291 
           1345         779.275 
           1355         832.284 
           1365         945.653 
           1375         1026.72 
           1385         1112.64 
           1395            1272 
           1405         1441.67 
           1415         1548.75 
           1425         1708.98 
           1435         1811.53 
           1442         2121.03 
           1447         2156.77 
           1455          2409.3 
           1465         2551.18 
           1475         2770.38 
           1485         3075.72 
           1495         3558.75 
           1505         3988.98 
           1512         3964.31 
           1517         4375.98 
           1525         5054.59 
           1535         9402.96 
           1545           12747 
           1555         14476.9 
           1565         13702.1 
           1575         18877.3 
           1585         21111.2 
           1595           24699 
           1605         24930.4 
           1615         26397.7 
           1625         27349.3 
           1635           34492 
           1645         42899.1 
           1655         29692.5 
           1665         49067.3 
           1672         33536.3 
           1677         57238.5 
           1685         94977.8 
           1695          127151 
           1705          294487 
           1715          783861 
           1725       1.0017e+6 
           1735      1.43497e+6 
           1745      1.30908e+6 
           1755      1.94173e+6 
           1765      1.10347e+6 
           1775      1.73154e+6 
           1785      1.80927e+6 
           1795      2.80733e+6 
           1805      1.87265e+6 
           1815      2.08045e+6 
           1825      1.85762e+6 
           1835        1.855e+6 
           1845       1.4093e+6 
           1855      2.04764e+6 
           1865      2.83905e+6 
           1875      2.53559e+6 
           1885       2.7224e+6 
           1895      3.10183e+6 
           1905      2.80849e+6 
           1915      3.02649e+6 
           1925      2.44727e+6 
           1935      1.06351e+6 
           1945      3.23539e+6 
           1955      3.49879e+6 
           1967      4.10344e+6 
           1976      3.77918e+6 
           1984      3.50607e+6 
           1995        3.687e+6 
           2005      3.37995e+6 
           2015      3.33519e+6 
           2025      2.91251e+6 
           2035      3.92275e+6 
           2045      4.38066e+6 
           2055      3.99968e+6 
           2065      3.75703e+6 
           2074      4.51395e+6 
           2078      6.18226e+6 
           2085       5.7752e+6 
           2095      5.39153e+6 
           2105      5.48845e+6 
           2115      6.23667e+6 
           2125      5.98898e+6 
           2135      4.93677e+6 
           2145      6.37434e+6 
           2155      6.51836e+6 
           2165      5.79406e+6 
           2175      5.89152e+6 
           2185      6.74083e+6 
           2195      7.26028e+6 
           2205      6.77321e+6 
           2215      5.33325e+6 
           2225      5.50521e+6 
           2235      7.16222e+6 
           2245      6.56824e+6 
           2255      5.18803e+6 
           2265      5.21459e+6 
           2275      6.08468e+6 
           2285      6.87406e+6 
           2295       5.8113e+6 
           2305      6.66199e+6 
           2315      6.09913e+6 
           2325      5.88738e+6 
           2335      4.08311e+6 
           2345       2.7004e+6 
           2355      5.31175e+6 
           2365       2.9265e+6 
           2375      4.09876e+6 
           2385       2.1134e+6 
           2395      2.90185e+6 
           2405      2.86494e+6 
           2415      3.42189e+6 
           2425       5.6546e+6 
           2435      5.50383e+6 
           2445      6.42608e+6 
           2455      6.58134e+6 
           2465      6.19671e+6 
           2475      5.47535e+6 
           2485      4.89525e+6 
           2495      4.81578e+6 
           2505      6.99545e+6 
           2513      4.51484e+6 
           2518       4.2194e+6 
           2525        3.479e+6 
           2535      3.19372e+6 
           2545      3.47361e+6 
           2555      5.18764e+6 
           2565      4.61566e+6 
           2575      5.86235e+6 
           2585      5.56196e+6 
           2595      5.18134e+6 
           2605      4.47383e+6 
           2615      4.00475e+6 
           2625      5.66302e+6 
           2635      7.39546e+6 
           2645      9.97556e+6 
           2655      1.12725e+7 
           2665       8.0908e+6 
           2675       9.3782e+6 
           2685      9.64816e+6 
           2695      8.12486e+6 
           2705      9.33095e+6 
           2715      7.62534e+6 
           2725      7.65268e+6 
           2735      8.54516e+6 
           2745      4.77554e+6 
           2755      6.01327e+6 
           2765      7.23429e+6 
           2775      8.71596e+6 
           2785       6.0282e+6 
           2795      1.95251e+6 
           2805      2.66114e+6 
           2815      8.47999e+6 
           2825      1.11358e+7 
           2835      1.04269e+7 
           2845      9.69376e+6 
           2855      6.99428e+6 
           2865      1.06705e+7 
           2875      1.08608e+7 
           2885      1.04905e+7 
           2895      1.02581e+7 
           2910      1.28802e+7 
           2930      1.17812e+7 
           2950       1.1606e+7 
           2970      1.27353e+7 
           2990      1.26629e+7 
           3010      1.33102e+7 
           3030      1.31293e+7 
           3050      1.33355e+7 
           3070      1.35828e+7 
           3090      1.40124e+7 
           3110      1.36306e+7 
           3130      1.34728e+7 
           3150      1.37578e+7 
           3170      1.39012e+7 
           3190      1.26386e+7 
           3210      1.35039e+7 
           3230      1.21163e+7 
           3250      1.35502e+7 
           3270      1.44901e+7 
           3290       1.4334e+7 
           3310      1.47603e+7 
           3330      1.44901e+7 
           3350      1.42844e+7 
           3370      1.36194e+7 
           3390      1.41246e+7 
           3410      1.40884e+7 
           3430      1.42259e+7 
           3450      1.44248e+7 
           3470      1.42399e+7 
           3490       1.4409e+7 
           3510      1.47945e+7 
           3530      1.43716e+7 
           3550      1.55358e+7 
           3570      1.40416e+7 
           3590      1.39019e+7 
           3610      1.41689e+7 
           3630      1.42851e+7 
           3640      1.41441e+7 
           3650        1.541e+7 
           3670      1.51169e+7 
           3690      1.46189e+7 
           3710      1.52974e+7 
           3730      1.50152e+7 
           3750       1.7435e+7 
           3770      1.87932e+7 
           3790      2.14129e+7 
           3810      2.39382e+7 
           3830      1.91407e+7 
           3850      2.51856e+7 
           3870      2.69803e+7 
           3890      1.97727e+7 
           3910       2.6436e+7 
           3930      1.82556e+7 
           3950      2.51089e+7 
           3970      1.61987e+7 
           3990      2.72039e+7 
           4010      2.91402e+7 
           4030      2.90883e+7 
           4050      2.85697e+7 
           4070      2.80144e+7 
           4090      2.60318e+7 
           4110       2.1936e+7 
           4130      2.81362e+7 
           4150      2.93247e+7 
           4170      2.89639e+7 
           4190      2.87181e+7 
           4210      2.86861e+7 
           4230      2.77375e+7 
           4250      2.83656e+7 
           4270      2.74786e+7 
           4290      2.70305e+7 
           4310      2.49976e+7 
           4330      2.37866e+7 
           4350      2.11534e+7 
           4370      2.75906e+7 
           4390      2.71834e+7 
           4410      2.70188e+7 
           4430      2.67753e+7 
           4450      2.69157e+7 
           4470      2.71599e+7 
           4490       2.6997e+7 
           4510      2.82398e+7 
           4530      2.65682e+7 
           4550      2.66136e+7 
           4570      2.77214e+7 
           4590      2.64576e+7 
           4610       2.6989e+7 
           4630      2.63679e+7 
           4650      2.65667e+7 
           4670      2.68095e+7 
           4690      2.59425e+7 
           4710      2.49296e+7 
           4730      2.61269e+7 
           4750      2.61645e+7 
           4770      2.58528e+7 
           4790      2.56555e+7 
           4810      2.53009e+7 
           4830      2.48576e+7 
           4850      2.14515e+7 
           4870       1.7932e+7 
           4890      2.35629e+7 
           4910      2.40183e+7 
           4930      2.36641e+7 
           4950       2.4219e+7 
           4970      2.43875e+7 
           4990      2.31666e+7 
           5010      2.23816e+7 
           5030      2.32775e+7 
           5050      2.29753e+7 
           5070      2.34994e+7 
           5090      2.29777e+7 
           5110      2.30853e+7 
           5130      2.25578e+7 
           5150      2.20321e+7 
           5170      2.15336e+7 
           5190      2.12966e+7 
           5210      2.16164e+7 
           5230       2.1658e+7 
           5250      2.19812e+7 
           5270      2.02941e+7 
           5290      2.15383e+7 
           5310      2.15514e+7 
           5330      2.04272e+7 
           5350      2.12027e+7 
           5370      2.10438e+7 
           5390      2.08386e+7 
           5410      2.03051e+7 
           5430        2.058e+7 
           5450      2.07451e+7 
           5470      2.04451e+7 
           5490      2.03064e+7 
           5510      2.02411e+7 
           5530      2.01233e+7 
           5550      2.01816e+7 
           5570      1.97758e+7 
           5590      1.95357e+7 
           5610      1.96253e+7 
           5630       1.9662e+7 
           5650      1.94652e+7 
           5670      1.91043e+7 
           5690      1.91902e+7 
           5710      1.89751e+7 
           5730      1.93638e+7 
           5750       1.8957e+7 
           5770      1.89503e+7 
           5790      1.86949e+7 
           5810      1.87048e+7 
           5830      1.86786e+7 
           5850      1.83959e+7 
           5870        1.832e+7 
           5890      1.77994e+7 
           5910      1.80717e+7 
           5930      1.79425e+7 
           5950      1.78679e+7 
           5970      1.77674e+7 
           5990      1.75744e+7 
           6010      1.73314e+7 
           6030      1.72591e+7 
           6050      1.72924e+7 
           6070       1.7243e+7 
           6090      1.69928e+7 
           6110       1.6792e+7 
           6130      1.64189e+7 
           6150      1.62953e+7 
           6170      1.61067e+7 
           6190      1.64404e+7 
           6210      1.63786e+7 
           6230       1.6095e+7 
           6250      1.56382e+7 
           6270      1.60475e+7 
           6290      1.59713e+7 
           6310      1.56223e+7 
           6330      1.55961e+7 
           6350      1.54625e+7 
           6370      1.53712e+7 
           6390      1.53701e+7 
           6410      1.50827e+7 
           6430      1.51048e+7 
           6450      1.48691e+7 
           6470      1.48484e+7 
           6490      1.45916e+7 
           6510      1.46283e+7 
           6530      1.43824e+7 
           6550      1.31699e+7 
           6570      1.09515e+7 
           6590      1.37955e+7 
           6610      1.41821e+7 
           6630      1.41858e+7 
           6650      1.41253e+7 
           6670      1.39781e+7 
           6690      1.40091e+7 
           6710      1.38629e+7 
           6730      1.38198e+7 
           6750      1.36206e+7 
           6770       1.3643e+7 
           6790      1.35374e+7 
           6810      1.34377e+7 
           6830      1.33583e+7 
           6850      1.32106e+7 
           6870         1.32e+7 
           6890      1.31282e+7 
           6910      1.30295e+7 
           6930      1.29418e+7 
           6950      1.28659e+7 
           6970      1.27821e+7 
           6990      1.27198e+7 
           7010      1.24618e+7 
           7030      1.24962e+7 
           7050      1.24603e+7 
           7070      1.23695e+7 
           7090      1.22916e+7 
           7110      1.20564e+7 
           7130       1.2057e+7 
           7150      1.19904e+7 
           7170      1.18943e+7 
           7190      1.17458e+7 
           7210      1.17547e+7 
           7230      1.16782e+7 
           7250      1.16246e+7 
           7270      1.15978e+7 
           7290      1.13982e+7 
           7310      1.14064e+7 
           7330      1.13379e+7 
           7350      1.13174e+7 
           7370      1.12589e+7 
           7390      1.10773e+7 
           7410      1.09297e+7 
           7430      1.09112e+7 
           7450      1.08785e+7 
           7470       1.0823e+7 
           7490      1.07526e+7 
           7510      1.07268e+7 
           7530      1.06778e+7 
           7550      1.06584e+7 
           7570      1.05535e+7 
           7590      1.05012e+7 
           7610       1.0422e+7 
           7630      1.03856e+7 
           7650      1.02985e+7 
           7670      1.01309e+7 
           7690      1.01432e+7 
           7710      1.00704e+7 
           7730      1.00467e+7 
           7750      9.93659e+6 
           7770      9.79314e+6 
           7790      9.90619e+6 
           7810      9.82342e+6 
           7830      9.70938e+6 
           7850       9.6398e+6 
           7870      9.62736e+6 
           7890      9.56047e+6 
           7910      9.47785e+6 
           7930      9.33964e+6 
           7950      9.32489e+6 
           7970      9.37304e+6 
           7990      9.28664e+6 
           8010      9.22153e+6 
           8030      9.15404e+6 
           8050      9.10164e+6 
           8070      9.07568e+6 
           8090      8.98136e+6 
           8110      8.98523e+6 
           8130      8.95246e+6 
           8150      8.88702e+6 
           8170      8.83341e+6 
           8190      8.62521e+6 
           8210       8.6134e+6 
           8230      8.56492e+6 
           8250      8.53785e+6 
           8270      8.58528e+6 
           8290      8.52307e+6 
           8310       8.4188e+6 
           8330      8.30839e+6 
           8350      8.34484e+6 
           8370      8.32811e+6 
           8390      8.22424e+6 
           8410       8.2246e+6 
           8430      8.13154e+6 
           8450      8.00974e+6 
           8470      7.98665e+6 
           8490       7.9663e+6 
           8510      7.58922e+6 
           8530      7.87624e+6 
           8550      6.91387e+6 
           8570      7.92139e+6 
           8590      7.63997e+6 
           8610      7.52068e+6 
           8630      7.81565e+6 
           8650      7.65067e+6 
           8670       6.5549e+6 
           8690      7.51004e+6 
           8710      7.69459e+6 
           8730       7.5521e+6 
           8750      6.71262e+6 
           8770      7.39768e+6 
           8790      7.56005e+6 
           8810      7.50635e+6 
           8830       7.3999e+6 
           8850       7.0707e+6 
           8870      6.40438e+6 
           8890      7.24841e+6 
           8910      7.34306e+6 
           8930      7.28376e+6 
           8950      7.31191e+6 
           8970      7.23675e+6 
           8990      7.09597e+6 
           9010      6.17905e+6 
           9030      6.62667e+6 
           9050      7.04773e+6 
           9070       6.9402e+6 
           9090      6.81075e+6 
           9110      6.93204e+6 
           9130      6.99164e+6 
           9150      6.96517e+6 
           9170      6.89718e+6 
           9190        6.815e+6 
           9210      6.51674e+6 
           9230      5.61119e+6 
           9250      6.33545e+6 
           9270      6.54576e+6 
           9290      6.67605e+6 
           9310      6.67044e+6 
           9330       6.6276e+6 
           9350      6.60659e+6 
           9370      6.58143e+6 
           9390      6.52393e+6 
           9410      6.26563e+6 
           9430      6.40177e+6 
           9450      6.36121e+6 
           9470      6.37931e+6 
           9490      6.33656e+6 
           9510      6.22537e+6 
           9530      5.96533e+6 
           9550      5.16626e+6 
           9570      5.94683e+6 
           9590      6.11007e+6 
           9610      6.06996e+6 
           9630      6.01027e+6 
           9650      6.03797e+6 
           9670      5.96104e+6 
           9690      5.95613e+6 
           9710      5.99753e+6 
           9730      5.96533e+6 
           9750      5.87827e+6 
           9770      5.89488e+6 
           9790      5.85944e+6 
           9810      5.84065e+6 
           9830      5.80131e+6 
           9850      5.75137e+6 
           9870      5.71147e+6 
           9890      5.65951e+6 
           9910      5.62824e+6 
           9930      5.63961e+6 
           9950      5.60402e+6 
           9970      5.57473e+6 
           9990      5.52901e+6 
          10025      5.23857e+6 
          10075      5.02674e+6 
          10125      5.30944e+6 
          10175      5.26283e+6 
          10225        5.227e+6 
          10275      5.17553e+6 
          10325      5.07887e+6 
          10375      5.02584e+6 
          10425      4.96804e+6 
          10475      4.84519e+6 
          10525      4.82171e+6 
          10575       4.7604e+6 
          10625      4.69967e+6 
          10675      4.55295e+6 
          10725      4.55088e+6 
          10775       4.5003e+6 
          10825      4.41639e+6 
          10875      4.34783e+6 
          10925      3.91517e+6 
          10975       4.1229e+6 
          11025      4.23993e+6 
          11075      4.22078e+6 
          11125      4.15644e+6 
          11175      4.10485e+6 
          11225      4.07106e+6 
          11275      3.95501e+6 
          11325      3.91694e+6 
          11375      3.89946e+6 
          11425      3.82298e+6 
          11475      3.83438e+6 
          11525      3.79097e+6 
          11575      3.73496e+6 
          11625      3.64518e+6 
          11675      3.58888e+6 
          11725      3.61589e+6 
          11775      3.50047e+6 
          11825      3.48898e+6 
          11875      3.42573e+6 
          11925      3.45772e+6 
          11975      3.35693e+6 
          12025      3.35201e+6 
          12075      3.30311e+6 
          12125      3.27208e+6 
          12175       3.2562e+6 
          12225      3.21473e+6 
          12275      3.16911e+6 
          12325      3.13772e+6 
          12375      3.10504e+6 
          12425      3.07473e+6 
          12475      3.03999e+6 
          12525      2.99606e+6 
          12575      2.95036e+6 
          12625      2.92633e+6 
          12675      2.89579e+6 
          12725      2.86098e+6 
          12775      2.76914e+6 
          12825      2.43586e+6 
          12875       2.7197e+6 
          12925      2.73072e+6 
          12975      2.71509e+6 
          13025      2.68585e+6 
          13075      2.66534e+6 
          13125      2.62342e+6 
          13175      2.58857e+6 
          13225      2.57895e+6 
          13275      2.54245e+6 
          13325      2.52129e+6 
          13375      2.49215e+6 
          13425      2.46965e+6 
          13475      2.44285e+6 
          13525      2.41144e+6 
          13575      2.37674e+6 
          13625      2.36318e+6 
          13675      2.33364e+6 
          13725      2.28987e+6 
          13775      2.27924e+6 
          13825      2.25825e+6 
          13875      2.24611e+6 
          13925      2.21077e+6 
          13975      2.19151e+6 
          14025      2.16614e+6 
          14075      2.15078e+6 
          14125       2.1184e+6 
          14175      2.10592e+6 
          14225       2.0714e+6 
          14275      2.04306e+6 
          14325      2.03818e+6 
          14375      2.02366e+6 
          14425        1.949e+6 
          14475      1.97674e+6 
          14525      1.92958e+6 
          14570       1.9333e+6 
          14620      1.90864e+6 
          14675      1.89489e+6 
          14725       1.8631e+6 
          14775      1.84067e+6 
          14825      1.82948e+6 
          14875      1.79558e+6 
          14925      1.80792e+6 
          14975      1.77974e+6 
          15025      1.75023e+6 
          15075      1.72935e+6 
          15125      1.73078e+6 
          15175      1.71645e+6 
          15225      1.69024e+6 
          15275      1.67855e+6 
          15325      1.65847e+6 
          15375      1.64356e+6 
          15425       1.6136e+6 
          15475      1.60697e+6 
          15525      1.59179e+6 
          15575      1.56062e+6 
          15625      1.57225e+6 
          15675       1.5318e+6 
          15725      1.50517e+6 
          15775      1.50253e+6 
          15825      1.49935e+6 
          15875      1.41027e+6 
          15925      1.45922e+6 
          15975       1.4652e+6 
          16050      1.42649e+6 
          16150      1.36008e+6 
          16250      1.39867e+6 
          16350      1.33499e+6 
          16450      1.26049e+6 
          16550      1.31621e+6 
          16650      1.29187e+6 
          16750      1.22183e+6 
          16850      1.14735e+6 
          16950      1.21317e+6 
          17050      1.18394e+6 
          17150      1.16362e+6 
          17250        1.123e+6 
          17350      1.00553e+6 
          17450      1.06403e+6 
          17550      1.06469e+6 
          17650      1.04413e+6 
          17750      1.02627e+6 
          17850      1.00558e+6 
          17950          988928 
          18050          958182 
          18150          864089 
          18250          900681 
          18350          907136 
          18450          889217 
          18550          871029 
          18650          846842 
          18750          756499 
          18850          810795 
          18950          795850 
          19050          795002 
          19150          778510 
          19250          762351 
          19350          738656 
          19450          663800 
          19550          712787 
          19650          706683 
          19750          692898 
          19850          683008 
          19950          670396 
          20050          659406 
          20150          648637 
          20250          634676 
          20350          621113 
          20450          614089 
          20550          602409 
          20650          589644 
          20750          580239 
          20850          570265 
          20950          558921 
          21050          550374 
          21150          539363 
          21250          529928 
          21350          521264 
          21450          512912 
          21550          499871 
          21650          450888 
          21750          478577 
          21850          476976 
          21950          472020 
          22050          461743 
          22150          454767 
          22250          448555 
          22350          441082 
          22450          433815 
          22550          424320 
          22650          418687 
          22750          412532 
          22850          405137 
          22950          398622 
          23050          393406 
          23150          386570 
          23250          380988 
          23350          374429 
          23450          369069 
          23550          363163 
          23650          357733 
          23750          350955 
          23850          345715 
          23950          340942 
          24050          335357 
          24150          329802 
          24250          325230 
          24350          319615 
          24450          315265 
          24550          309398 
          24650          305662 
          24750          300566 
          24850          295456 
          24950          290750 
          25050          288025 
          25150          283684 
          25250          277944 
          25350          275304 
          25450          271254 
          25550          266573 
          25650          259608 
          25750          259510 
          25850          255060 
          25950          252482 
          26050          247211 
          26150          238459 
          26250          222376 
          26350          235190 
          26450          234341 
          26550          231398 
          26650          226450 
          26750          217474 
          26850          221344 
          26950          219668 
          27050          216857 
          27150          213990 
          27250          211037 
          27350          207961 
          27450          204374 
          27550          193497 
          27650          195618 
          27750          196349 
          27850          194285 
          27950          191928 
          28050          189303 
          28150          186805 
          28250          184258 
          28350          181915 
          28450          179074 
          28550          176477 
          28650          171879 
          28750          162586 
          28850          168771 
          28950          167633 
          29050          165745 
          29150          163350 
          29250          161205 
          29350          159395 
          29450          157246 
          29550          155338 
          29650          153380 
          29750          151388 
          29850          149513 
          29950          147470 
          30050          145568 
          30150          143685 
          30250          141303 
          30350          133298 
          30450          134512 
          30550          136233 
          30650          134916 
          30750          133454 
          30850          131530 
          30950          130024 
          31050          128481 
          31150          126376 
          31250          125306 
          31350          123807 
          31450          122324 
          31550          120812 
          31650          119542 
          31750          117960 
          31850          116704 
          31950          115351 
          32100          113212 
          32300          110641 
          32500          108013 
          32700          105371 
          32900         98970.8 
          33100         99545.8 
          33300         98030.9 
          33500         96007.9 
          33700         93657.6 
          33900         91578.8 
          34100         89526.1 
          34300           87707 
          34500         85930.4 
          34700         83994.7 
          34900         82202.5 
          35100         80430.7 
          35300         78654.1 
          35500         76999.3 
          35700         75299.5 
          35900         73717.5 
          36100         72191.5 
          36300           70712 
          36500         69082.7 
          36700         67685.6 
          36900         66015.8 
          37100         64736.6 
          37300         62489.9 
          37500         60485.8 
          37700         60956.5 
          37900         59821.8 
          38100         58481.4 
          38300         57420.4 
          38500         56467.1 
          38700         55263.4 
          38900         54091.9 
          39100         52817.7 
          39300         52149.8 
          39500         51101.4 
          39700         50174.5 
          39900           49029 
          40100         47896.9 
          40300         46933.4 
          40500         44957.2 
          40700         45448.8 
          40900         44667.9 
          41100         43917.5 
          41300         43115.6 
          41500         42197.6 
          41700         40829.9 
          41900         40662.1 
          42100         39906.9 
          42300         39324.1 
          42500         38583.6 
          42700         37915.1 
          42900         37236.9 
          43100         36563.6 
          43300           35887 
          43500         35231.3 
          43700         33950.6 
          43900         33837.6 
          44100         33378.3 
          44300         32841.4 
          44500         32278.7 
          44700         31754.9 
          44900           31209 
          45100         30681.1 
          45300         30159.1 
          45500         29648.9 
          45700         29137.4 
          45900         28642.7 
          46100         28180.2 
          46300         27661.3 
          46500         26314.1 
          46700         26066.7 
          46900           26261 
          47100           25923 
          47300           25519 
          47500         25094.2 
          47700         24688.8 
          47900         24302.5 
          48100         23905.4 
          48300         23530.2 
          48500         23152.4 
          48700         22786.3 
          48900           22427 
          49100         22066.5 
          49300         21726.6 
          49500         21379.2 
          49700         21051.9 
          49900         20730.7 
          50100         20406.4 
          50300           20094 
          50500         19787.5 
          50700           19488 
          50900         19179.6 
          51100           18835 
          51300         18098.7 
          51500         18300.7 
          51700         18050.8 
          51900         17794.5 
          52100         17522.1 
          52300         17264.4 
          52500         17014.2 
          52700         16755.1 
          52900         16520.9 
          53100         16280.5 
          53300         16045.8 
          53500         15810.2 
          53700         15551.6 
          53900           15343 
          54100         15142.3 
          54300         14914.7 
          54500         14711.5 
          54700         14487.1 
          54900         14294.2 
          55100         14090.1 
          55300         13857.8 
          55500         13703.1 
          55700         13513.8 
          55900         13306.3 
          56100         13142.2 
          56300         12958.6 
          56500         12786.8 
          56700         12610.1 
          56900         12429.6 
          57100         12206.4 
          57300         12097.2 
          57500         11940.3 
          57700         11778.5 
          57900         11617.4 
          58100         11465.1 
          58300         11314.5 
          58500         11167.9 
          58700         11015.4 
          58900         10831.1 
          59100         10428.8 
          59300         10562.1 
          59500         10349.9 
          59700         10280.8 
          59900         10180.2 
          60100           10044 
          60300         9921.57 
          60500         9794.43 
          60700         9665.67 
          60900         9539.22 
          61100         9408.84 
          61300         9301.54 
          61500         9186.15 
          61700          9069.2 
          61900         8954.14 
          62100         8844.12 
          62300         8720.72 
          62500         8620.95 
          62700         8503.46 
          62900         8303.59 
          63100         8281.11 
          63300         8204.72 
          63500         8104.05 
          63700         8004.88 
          63900         7906.97 
          64200         7765.22 
          64600         7576.03 
          65000          7393.9 
          65400         7222.42 
          65800         7051.72 
          66200         6885.33 
          66600         6726.02 
          67000         6569.08 
          67400         6412.29 
          67800         6212.78 
          68200         6127.82 
          68600         5988.83 
          69000          5853.3 
          69400         5721.48 
          69800         5595.15 
          70200         5469.41 
          70600         5350.34 
          71000         5234.47 
          71400         5119.74 
          71800         5008.33 
          72200         4897.92 
          72600         4794.43 
          73000         4694.12 
          73400         4592.88 
          73800         4497.37 
          74200         4400.89 
          74600         4240.86 
          75000         4127.69 
          75400         4128.86 
          75800         4048.97 
          76200          3966.4 
          76600         3885.85 
          77000         3806.49 
          77400         3730.53 
          77800         3651.44 
          78200         3583.09 
          78600         3512.01 
          79000         3442.67 
          79400         3374.85 
          79800         3308.72 
          80200         3243.84 
          80600         3180.86 
          81000          3120.3 
          81400          3053.6 
          81800         2999.54 
          82200         2944.95 
          82600         2889.21 
          83000          2834.8 
          83400         2780.59 
          83800         2728.79 
          84200         2678.75 
          84600         2629.68 
          85000         2581.48 
          85400            2534 
          85800         2487.81 
          86200         2442.52 
          86600         2388.96 
          87000          2355.5 
          87400         2298.72 
          87800         2257.74 
          88200          2231.3 
          88600         2192.05 
          89000         2153.47 
          89400            2116 
          89800          2078.5 
          90200         2042.83 
          90600         2007.99 
          91000         1972.77 
          91400         1939.08 
          91800          1906.4 
          92200         1874.16 
          92600         1842.32 
          93000         1811.39 
          93400         1780.88 
          93800         1741.19 
          94200         1720.53 
          94600         1693.47 
          95000          1665.5 
          95400         1637.74 
          95800         1611.41 
          96200         1584.89 
          96600         1559.48 
          97000         1534.27 
          97400         1508.91 
          97800         1485.01 
          98200         1461.37 
          98600         1438.22 
          99000         1415.55 
          99400         1393.01 
          99800         1371.13 
         100200         1349.66 
         200000         86.9494 
         400000         5.43575 
         600000         1.06657 
         800000        0.335189 
         1.0e+6        0.136459 
         1.2e+6       0.0654543 
         1.4e+6       0.0351627 
         1.6e+6       0.0205245 
