# Kurucz ODFNEW /NOVER models
# teff = 8000 K (value for the effective temperature for the model. Temperatures are given in K)
# logg = 3 log(cm/s2) (value for Log(G) for the model.)
# meta = 0  (value for the Metallicity for the model.)
# lh = 1.25  (l/Hp where l is the  mixing length of the convective element and Hp is the pressure scale height)
# vtur = 2.0 km/s (Microturbulence velocity)
#
# column 1: WAVELENGTH (ANGSTROM), Wavelength in Angstrom
# column 2: FLUX (ERG/CM2/S/A), Flux in erg/cm2/s/A
              0               0 
           90.9               0 
           93.5               0 
           96.1               0 
           97.7               0 
           99.6               0 
            102               0 
          103.8               0 
          105.6               0 
          107.7               0 
          110.4               0 
            114               0 
          117.8               0 
          121.3               0 
          124.8               0 
          127.1               0 
          128.4               0 
          130.5               0 
          132.4               0 
          133.9               0 
          136.6               0 
          139.8               0 
          143.3               0 
          147.2               0 
            151               0 
          155.2               0 
          158.8               0 
            162               0 
            166               0 
          170.3               0 
          173.4               0 
          176.8               0 
          180.2               0 
          181.7               0 
          186.1               0 
            191               0 
          193.9               0 
          198.4               0 
          201.8               0 
            205               0 
          210.5               0 
          216.2               0 
          219.8               0 
            223               0 
          226.8               0 
            230               0 
            234               0 
            240               0 
          246.5               0 
          252.4               0 
          256.8               0 
            260               0 
            264               0 
          268.5               0 
          273.5               0 
          278.5               0 
            284               0 
            290               0 
            296               0 
            301               0 
            308               0 
            318               0 
            328               0 
            338               0 
            348     3.02269e-23 
            357     2.68594e-22 
            366     1.87788e-21 
            375     1.18266e-20 
            385     8.22795e-20 
            395     5.17076e-19 
            405     2.95826e-18 
            414     9.92313e-19 
            422     3.30752e-18 
            430     1.05103e-17 
            441     4.79086e-17 
            451     1.77542e-16 
            460     5.47916e-16 
            470     1.81577e-15 
            480     5.70181e-15 
            490     1.70352e-14 
            500     4.85016e-14 
            506     1.17973e-13 
            512     2.40199e-13 
            520     5.14801e-13 
            530     1.29806e-12 
            540     3.09743e-12 
            550     7.25204e-12 
            560      1.6315e-11 
            570     3.55638e-11 
            580     7.43716e-11 
            590     1.54816e-10 
            600     3.10144e-10 
            610     6.06576e-10 
            620      1.15704e-9 
            630      2.15787e-9 
            640      3.93873e-9 
            650      7.04821e-9 
            658      1.10653e-8 
            665       1.6238e-8 
            675      2.77108e-8 
            685      4.64672e-8 
            695      7.66368e-8 
            705      1.23898e-7 
            716      2.08024e-7 
            726      3.27131e-7 
            735       4.8585e-7 
            745      7.44196e-7 
            755      1.12604e-6 
            765      1.68311e-6 
            775      2.48621e-6 
            785      3.63381e-6 
            795      5.20152e-6 
            805      7.47443e-6 
            815      1.06112e-5 
            825      1.48766e-5 
            835      2.06594e-5 
            845      2.84416e-5 
            855      3.88105e-5 
            865        5.252e-5 
            875      7.02902e-5 
            885      9.38911e-5 
            895     0.000124138 
            905     0.000162127 
            915       0.0969832 
            925        0.304928 
            935        0.398085 
            945        0.521798 
            955        0.720806 
            965         0.93549 
            975         1.15909 
            985         1.48207 
            995         1.80704 
           1005         2.40699 
           1015         3.00773 
           1025         3.54562 
           1035         4.58452 
           1045         5.70187 
           1055         7.01014 
           1065         8.39104 
           1075         10.3771 
           1085         12.6541 
           1095         14.9856 
           1105         42.8032 
           1115         132.008 
           1125         189.912 
           1135         262.215 
           1145         324.768 
           1155         354.469 
           1165         471.765 
           1175         542.055 
           1185         570.289 
           1195         289.112 
           1205         260.541 
           1215          63.917 
           1225         298.698 
           1235         731.269 
           1245         1664.83 
           1255         3892.33 
           1265         3883.54 
           1275          6513.2 
           1285         9482.47 
           1295         11761.1 
           1305         9404.64 
           1315           15105 
           1325         18229.8 
           1335         19720.7 
           1345         25108.8 
           1355         25697.8 
           1365         27930.9 
           1375         30636.7 
           1385         33444.2 
           1395         38458.6 
           1405         42953.1 
           1415         43591.9 
           1425         49460.7 
           1435         49498.4 
           1442         57365.6 
           1447         62162.6 
           1455         70132.8 
           1465         70570.8 
           1475         77175.6 
           1485         85655.2 
           1495         96922.3 
           1505          106162 
           1512          106038 
           1517          115798 
           1525          124474 
           1535          402516 
           1545      1.49401e+6 
           1555      1.32192e+6 
           1565       1.1224e+6 
           1575      2.09883e+6 
           1585       2.7144e+6 
           1595      3.39008e+6 
           1605      3.03444e+6 
           1615       3.0107e+6 
           1625      2.65375e+6 
           1635      3.35618e+6 
           1645      5.36967e+6 
           1655      2.74011e+6 
           1665      5.17649e+6 
           1672      1.93716e+6 
           1677      6.71097e+6 
           1685      9.30751e+6 
           1695      8.37098e+6 
           1705      8.78848e+6 
           1715      1.16854e+7 
           1725      1.20553e+7 
           1735      1.47552e+7 
           1745      1.35659e+7 
           1755      1.69723e+7 
           1765      1.18282e+7 
           1775      1.58112e+7 
           1785      1.45255e+7 
           1795      1.95484e+7 
           1805      1.61861e+7 
           1815      1.79032e+7 
           1825      1.52383e+7 
           1835      1.40948e+7 
           1845      1.25059e+7 
           1855      1.44056e+7 
           1865      1.61297e+7 
           1875      1.53859e+7 
           1885      1.58815e+7 
           1895      1.73351e+7 
           1905      1.54895e+7 
           1915       1.6752e+7 
           1925       1.6492e+7 
           1935      1.19593e+7 
           1945      1.79093e+7 
           1955      1.81316e+7 
           1967        1.995e+7 
           1976      1.94618e+7 
           1984      1.85223e+7 
           1995       1.8012e+7 
           2005      1.68347e+7 
           2015      1.58367e+7 
           2025      1.49034e+7 
           2035      1.71489e+7 
           2045      1.89553e+7 
           2055      1.73573e+7 
           2065      1.64917e+7 
           2074      2.00448e+7 
           2078      2.13209e+7 
           2085      2.02455e+7 
           2095      1.88759e+7 
           2105      1.73077e+7 
           2115       1.7766e+7 
           2125      1.84043e+7 
           2135      1.40362e+7 
           2145       1.7248e+7 
           2155      1.75198e+7 
           2165      1.58497e+7 
           2175      1.57816e+7 
           2185      1.66041e+7 
           2195      1.82695e+7 
           2205      1.73286e+7 
           2215      1.47737e+7 
           2225      1.43208e+7 
           2235      1.76901e+7 
           2245      1.56993e+7 
           2255      1.40467e+7 
           2265       1.4238e+7 
           2275      1.58877e+7 
           2285      1.67887e+7 
           2295      1.50663e+7 
           2305      1.57364e+7 
           2315      1.48493e+7 
           2325      1.42514e+7 
           2335      1.14051e+7 
           2345      9.13495e+6 
           2355       1.3805e+7 
           2365       9.3603e+6 
           2375      1.18657e+7 
           2385      7.72703e+6 
           2395      9.74071e+6 
           2405      9.32768e+6 
           2415      1.04269e+7 
           2425      1.40202e+7 
           2435      1.35418e+7 
           2445      1.47326e+7 
           2455      1.45497e+7 
           2465      1.43011e+7 
           2475      1.32184e+7 
           2485      1.36521e+7 
           2495      1.28959e+7 
           2505      1.64392e+7 
           2513       1.2969e+7 
           2518      1.36091e+7 
           2525      1.16695e+7 
           2535      1.09374e+7 
           2545      1.09657e+7 
           2555      1.29777e+7 
           2565      1.20831e+7 
           2575      1.39797e+7 
           2585      1.36722e+7 
           2595      1.28101e+7 
           2605      1.16772e+7 
           2615      1.09071e+7 
           2625       1.3759e+7 
           2635      1.49163e+7 
           2645      1.93146e+7 
           2655      1.96803e+7 
           2665       1.6119e+7 
           2675      1.77766e+7 
           2685      1.74172e+7 
           2695      1.62165e+7 
           2705      1.71981e+7 
           2715       1.5333e+7 
           2725      1.56559e+7 
           2735      1.72722e+7 
           2745      1.16048e+7 
           2755      1.30401e+7 
           2765      1.42508e+7 
           2775      1.69246e+7 
           2785      1.49143e+7 
           2795      6.57445e+6 
           2805      8.50658e+6 
           2815      1.72476e+7 
           2825      1.93534e+7 
           2835      1.82234e+7 
           2845      1.73065e+7 
           2855      1.57883e+7 
           2865      1.84844e+7 
           2875      1.78278e+7 
           2885      1.82358e+7 
           2895      1.70551e+7 
           2910      2.03894e+7 
           2930      1.92492e+7 
           2950      1.90735e+7 
           2970       2.0147e+7 
           2990      2.03613e+7 
           3010      2.09412e+7 
           3030      2.06681e+7 
           3050      2.05943e+7 
           3070      2.08109e+7 
           3090      2.13962e+7 
           3110      2.05945e+7 
           3130      2.04633e+7 
           3150      2.13623e+7 
           3170      2.12574e+7 
           3190      1.98274e+7 
           3210      2.06962e+7 
           3230      1.97618e+7 
           3250      2.06921e+7 
           3270      2.11314e+7 
           3290      2.13593e+7 
           3310      2.18072e+7 
           3330       2.1244e+7 
           3350      2.09821e+7 
           3370      2.07096e+7 
           3390      2.09252e+7 
           3410       2.1275e+7 
           3430      2.15233e+7 
           3450      2.13558e+7 
           3470      2.10337e+7 
           3490      2.09152e+7 
           3510      2.15248e+7 
           3530       2.1525e+7 
           3550      2.20908e+7 
           3570      2.10814e+7 
           3590      2.10035e+7 
           3610      2.11123e+7 
           3630      2.13575e+7 
           3640      2.10043e+7 
           3650      2.19424e+7 
           3670      2.16382e+7 
           3690      2.09532e+7 
           3710      2.39407e+7 
           3730       2.6599e+7 
           3750      3.54855e+7 
           3770      3.85161e+7 
           3790      4.84339e+7 
           3810      5.70463e+7 
           3830      4.43405e+7 
           3850      6.27346e+7 
           3870      7.07082e+7 
           3890      4.00403e+7 
           3910      6.92712e+7 
           3930      5.85186e+7 
           3950      6.83632e+7 
           3970      3.59835e+7 
           3990      6.80265e+7 
           4010      7.48771e+7 
           4030      7.40823e+7 
           4050      7.32951e+7 
           4070      7.02273e+7 
           4090      5.70181e+7 
           4110      4.31188e+7 
           4130      6.70375e+7 
           4150      7.02974e+7 
           4170      6.92197e+7 
           4190      6.85047e+7 
           4210       6.8174e+7 
           4230      6.63624e+7 
           4250       6.6315e+7 
           4270      6.37551e+7 
           4290       6.4253e+7 
           4310      5.92066e+7 
           4330      4.70308e+7 
           4350      3.99018e+7 
           4370       5.9894e+7 
           4390      6.05596e+7 
           4410      5.93802e+7 
           4430      5.89584e+7 
           4450      5.95691e+7 
           4470      5.90126e+7 
           4490      5.83162e+7 
           4510      5.93784e+7 
           4530      5.70376e+7 
           4550      5.58732e+7 
           4570      5.74558e+7 
           4590      5.52398e+7 
           4610      5.63817e+7 
           4630      5.45475e+7 
           4650      5.49193e+7 
           4670      5.44966e+7 
           4690      5.25803e+7 
           4710      5.07285e+7 
           4730      5.25755e+7 
           4750      5.23941e+7 
           4770      5.13793e+7 
           4790      5.08085e+7 
           4810      4.97356e+7 
           4830      4.77791e+7 
           4850      3.77891e+7 
           4870      3.00329e+7 
           4890      4.49122e+7 
           4910      4.67287e+7 
           4930      4.59426e+7 
           4950      4.65377e+7 
           4970      4.66672e+7 
           4990      4.50351e+7 
           5010      4.34693e+7 
           5030      4.43438e+7 
           5050      4.35326e+7 
           5070      4.39957e+7 
           5090      4.33644e+7 
           5110      4.31206e+7 
           5130      4.21754e+7 
           5150      4.12901e+7 
           5170      4.03892e+7 
           5190      3.99764e+7 
           5210      3.99782e+7 
           5230      3.94389e+7 
           5250      3.99836e+7 
           5270       3.7764e+7 
           5290      3.90069e+7 
           5310       3.8258e+7 
           5330      3.71812e+7 
           5350      3.80212e+7 
           5370      3.74654e+7 
           5390      3.70142e+7 
           5410      3.62596e+7 
           5430      3.62113e+7 
           5450      3.63115e+7 
           5470       3.5845e+7 
           5490      3.56492e+7 
           5510      3.52757e+7 
           5530      3.48362e+7 
           5550      3.47957e+7 
           5570      3.42417e+7 
           5590      3.38619e+7 
           5610       3.3706e+7 
           5630      3.35762e+7 
           5650      3.31088e+7 
           5670      3.26495e+7 
           5690      3.25739e+7 
           5710      3.22643e+7 
           5730       3.2246e+7 
           5750      3.17597e+7 
           5770      3.15391e+7 
           5790      3.11799e+7 
           5810      3.09443e+7 
           5830      3.07023e+7 
           5850      3.03576e+7 
           5870      3.01085e+7 
           5890      2.94253e+7 
           5910      2.95511e+7 
           5930      2.92857e+7 
           5950      2.89849e+7 
           5970      2.87752e+7 
           5990      2.83901e+7 
           6010      2.80325e+7 
           6030      2.79163e+7 
           6050      2.76826e+7 
           6070      2.75302e+7 
           6090      2.72135e+7 
           6110      2.68994e+7 
           6130      2.64705e+7 
           6150      2.59471e+7 
           6170      2.59463e+7 
           6190      2.60444e+7 
           6210      2.58349e+7 
           6230      2.54781e+7 
           6250        2.481e+7 
           6270      2.51818e+7 
           6290       2.4962e+7 
           6310      2.45419e+7 
           6330      2.44322e+7 
           6350       2.4045e+7 
           6370      2.38858e+7 
           6390      2.38076e+7 
           6410      2.34374e+7 
           6430      2.33529e+7 
           6450      2.28787e+7 
           6470      2.29156e+7 
           6490      2.24598e+7 
           6510      2.23326e+7 
           6530      2.18126e+7 
           6550      1.91726e+7 
           6570      1.51949e+7 
           6590      2.06729e+7 
           6610      2.13792e+7 
           6630       2.1421e+7 
           6650      2.12923e+7 
           6670      2.11005e+7 
           6690      2.10107e+7 
           6710      2.08354e+7 
           6730      2.06511e+7 
           6750      2.04131e+7 
           6770      2.03666e+7 
           6790       2.0179e+7 
           6810      2.00217e+7 
           6830      1.98052e+7 
           6850      1.96593e+7 
           6870       1.9537e+7 
           6890       1.9384e+7 
           6910      1.92199e+7 
           6930      1.90503e+7 
           6950      1.89065e+7 
           6970      1.87416e+7 
           6990      1.86129e+7 
           7010      1.83351e+7 
           7030      1.82622e+7 
           7050      1.81473e+7 
           7070      1.80184e+7 
           7090      1.78794e+7 
           7110      1.74064e+7 
           7130      1.74927e+7 
           7150      1.73854e+7 
           7170      1.72562e+7 
           7190      1.70904e+7 
           7210      1.69834e+7 
           7230      1.68377e+7 
           7250      1.66897e+7 
           7270      1.66308e+7 
           7290      1.64242e+7 
           7310       1.6309e+7 
           7330      1.62005e+7 
           7350       1.6118e+7 
           7370      1.60147e+7 
           7390      1.58357e+7 
           7410      1.56474e+7 
           7430      1.54944e+7 
           7450      1.54229e+7 
           7470      1.52222e+7 
           7490      1.51693e+7 
           7510      1.50999e+7 
           7530      1.50178e+7 
           7550      1.49529e+7 
           7570      1.48115e+7 
           7590      1.47179e+7 
           7610      1.46055e+7 
           7630      1.44986e+7 
           7650      1.43579e+7 
           7670      1.41998e+7 
           7690      1.41318e+7 
           7710      1.40041e+7 
           7730      1.39582e+7 
           7750      1.38329e+7 
           7770      1.34598e+7 
           7790       1.3667e+7 
           7810      1.35539e+7 
           7830      1.34012e+7 
           7850      1.32621e+7 
           7870      1.31783e+7 
           7890      1.30565e+7 
           7910      1.29761e+7 
           7930      1.28772e+7 
           7950      1.27553e+7 
           7970      1.27862e+7 
           7990      1.25612e+7 
           8010      1.25708e+7 
           8030      1.24603e+7 
           8050      1.23938e+7 
           8070      1.22966e+7 
           8090      1.22042e+7 
           8110      1.21493e+7 
           8130      1.20725e+7 
           8150      1.19838e+7 
           8170      1.18987e+7 
           8190      1.16513e+7 
           8210      1.16153e+7 
           8230        1.153e+7 
           8250      1.14736e+7 
           8270       1.1524e+7 
           8290      1.14323e+7 
           8310      1.13402e+7 
           8330       1.1149e+7 
           8350      1.11788e+7 
           8370      1.10771e+7 
           8390      1.09441e+7 
           8410      1.08553e+7 
           8430      1.08055e+7 
           8450      1.05935e+7 
           8470      1.03397e+7 
           8490      1.07881e+7 
           8510      9.85001e+6 
           8530      1.08322e+7 
           8550      9.10047e+6 
           8570      1.09857e+7 
           8590      1.01003e+7 
           8610      9.76433e+6 
           8630      1.10788e+7 
           8650      1.06606e+7 
           8670      8.46641e+6 
           8690      1.07018e+7 
           8710      1.12094e+7 
           8730      1.07928e+7 
           8750       8.4427e+6 
           8770      1.03248e+7 
           8790      1.11009e+7 
           8810      1.11035e+7 
           8830      1.07387e+7 
           8850      9.73156e+6 
           8870      8.17414e+6 
           8890      1.03664e+7 
           8910      1.07209e+7 
           8930       1.0723e+7 
           8950      1.07626e+7 
           8970      1.05718e+7 
           8990       1.0137e+7 
           9010      8.05947e+6 
           9030      8.92425e+6 
           9050      1.01029e+7 
           9070      1.00423e+7 
           9090      9.92616e+6 
           9110      1.01305e+7 
           9130      1.01467e+7 
           9150      1.01154e+7 
           9170      9.97371e+6 
           9190      9.72872e+6 
           9210      9.08338e+6 
           9230      7.07621e+6 
           9250      8.72276e+6 
           9270       9.2393e+6 
           9290      9.58239e+6 
           9310      9.58341e+6 
           9330      9.51985e+6 
           9350      9.48477e+6 
           9370      9.43534e+6 
           9390       9.3076e+6 
           9410      9.00684e+6 
           9430      9.15296e+6 
           9450       9.1151e+6 
           9470       9.0695e+6 
           9490       8.9715e+6 
           9510        8.748e+6 
           9530      8.08498e+6 
           9550      6.47198e+6 
           9570       8.1245e+6 
           9590      8.55761e+6 
           9610      8.55302e+6 
           9630      8.44401e+6 
           9650      8.53122e+6 
           9670      8.39806e+6 
           9690      8.38151e+6 
           9710      8.43772e+6 
           9730        8.372e+6 
           9750      8.26954e+6 
           9770      8.27361e+6 
           9790      8.21743e+6 
           9810      8.16125e+6 
           9830      8.09533e+6 
           9850      7.99996e+6 
           9870      7.95637e+6 
           9890      7.86646e+6 
           9910      7.84395e+6 
           9930       7.8036e+6 
           9950      7.75017e+6 
           9970      7.70964e+6 
           9990       7.6233e+6 
          10025      6.98277e+6 
          10075      6.61822e+6 
          10125      7.24424e+6 
          10175      7.22491e+6 
          10225       7.1472e+6 
          10275      7.04569e+6 
          10325      6.90767e+6 
          10375      6.81428e+6 
          10425      6.71094e+6 
          10475      6.53305e+6 
          10525       6.4667e+6 
          10575      6.38381e+6 
          10625      6.29049e+6 
          10675       6.0869e+6 
          10725      6.06465e+6 
          10775      5.98581e+6 
          10825      5.88433e+6 
          10875      5.75038e+6 
          10925       4.9192e+6 
          10975      5.34644e+6 
          11025       5.5643e+6 
          11075      5.51879e+6 
          11125      5.43092e+6 
          11175      5.35558e+6 
          11225      5.28825e+6 
          11275      5.11758e+6 
          11325      5.05282e+6 
          11375      5.03498e+6 
          11425      4.93617e+6 
          11475      4.91956e+6 
          11525      4.85457e+6 
          11575      4.77869e+6 
          11625      4.65518e+6 
          11675      4.56452e+6 
          11725      4.58542e+6 
          11775      4.43651e+6 
          11825       4.4139e+6 
          11875      4.32684e+6 
          11925      4.34255e+6 
          11975      4.23727e+6 
          12025       4.2042e+6 
          12075       4.1351e+6 
          12125      4.08362e+6 
          12175      4.04354e+6 
          12225      3.98205e+6 
          12275      3.92191e+6 
          12325      3.87305e+6 
          12375       3.8273e+6 
          12425       3.7856e+6 
          12475      3.72384e+6 
          12525      3.67327e+6 
          12575      3.60123e+6 
          12625      3.57017e+6 
          12675      3.53362e+6 
          12725      3.47843e+6 
          12775      3.35201e+6 
          12825      2.88319e+6 
          12875      3.28809e+6 
          12925      3.29856e+6 
          12975      3.26804e+6 
          13025      3.23122e+6 
          13075      3.19291e+6 
          13125      3.14698e+6 
          13175      3.09557e+6 
          13225      3.07092e+6 
          13275      3.03114e+6 
          13325      2.99486e+6 
          13375      2.95609e+6 
          13425      2.91843e+6 
          13475      2.88167e+6 
          13525      2.83754e+6 
          13575      2.80094e+6 
          13625      2.77453e+6 
          13675      2.73615e+6 
          13725      2.67925e+6 
          13775        2.665e+6 
          13825      2.63452e+6 
          13875      2.61146e+6 
          13925      2.56806e+6 
          13975      2.54278e+6 
          14025        2.513e+6 
          14075      2.48567e+6 
          14125      2.45129e+6 
          14175      2.42409e+6 
          14225      2.39219e+6 
          14275      2.36178e+6 
          14325      2.33743e+6 
          14375      2.31263e+6 
          14425      2.24068e+6 
          14475      2.25471e+6 
          14525      2.20618e+6 
          14570      2.20304e+6 
          14620      2.17161e+6 
          14675      2.15204e+6 
          14725      2.12251e+6 
          14775      2.08987e+6 
          14825      2.07237e+6 
          14875      2.04007e+6 
          14925      2.03657e+6 
          14975      2.00721e+6 
          15025      1.97651e+6 
          15075      1.95199e+6 
          15125      1.93877e+6 
          15175      1.91637e+6 
          15225       1.8973e+6 
          15275      1.86439e+6 
          15325      1.84118e+6 
          15375      1.83448e+6 
          15425      1.77542e+6 
          15475      1.79229e+6 
          15525      1.77826e+6 
          15575      1.69511e+6 
          15625      1.76714e+6 
          15675      1.69762e+6 
          15725      1.62651e+6 
          15775      1.70796e+6 
          15825      1.69553e+6 
          15875      1.51101e+6 
          15925      1.63524e+6 
          15975      1.66103e+6 
          16050      1.60621e+6 
          16150      1.49914e+6 
          16250      1.58375e+6 
          16350      1.50468e+6 
          16450      1.39971e+6 
          16550        1.486e+6 
          16650      1.45598e+6 
          16750      1.37808e+6 
          16850      1.28186e+6 
          16950      1.36359e+6 
          17050      1.33377e+6 
          17150      1.31007e+6 
          17250      1.26783e+6 
          17350      1.12709e+6 
          17450      1.20145e+6 
          17550      1.19644e+6 
          17650      1.17202e+6 
          17750      1.15172e+6 
          17850      1.12679e+6 
          17950      1.10862e+6 
          18050      1.07595e+6 
          18150          968944 
          18250      1.01459e+6 
          18350      1.01849e+6 
          18450      1.00046e+6 
          18550          977248 
          18650          953961 
          18750          852265 
          18850          912280 
          18950          899509 
          19050          890599 
          19150          873023 
          19250          855251 
          19350          831765 
          19450          745767 
          19550          801045 
          19650          792912 
          19750          776810 
          19850          764366 
          19950          750267 
          20050          736869 
          20150          723690 
          20250          709807 
          20350          696289 
          20450          685092 
          20550          672545 
          20650          659298 
          20750          648031 
          20850          636891 
          20950          625298 
          21050          614176 
          21150          601971 
          21250          591688 
          21350          581465 
          21450          572619 
          21550          558999 
          21650          504128 
          21750          536401 
          21850          533679 
          21950          526154 
          22050          516069 
          22150          506919 
          22250          500099 
          22350          491720 
          22450          483616 
          22550          474071 
          22650          467418 
          22750          459927 
          22850          452489 
          22950          444787 
          23050          438390 
          23150          431206 
          23250          424656 
          23350          417794 
          23450          411324 
          23550          404870 
          23650          398571 
          23750          392078 
          23850          385914 
          23950          379948 
          24050          373727 
          24150          367704 
          24250          362713 
          24350          356288 
          24450          350526 
          24550          345999 
          24650          339833 
          24750          334667 
          24850          331274 
          24950          320379 
          25050          322433 
          25150          317735 
          25250          304085 
          25350          308022 
          25450          304931 
          25550          298694 
          25650          282558 
          25750          290788 
          25850          287409 
          25950          284007 
          26050          276057 
          26150          259213 
          26250          248368 
          26350          264696 
          26450          264496 
          26550          260846 
          26650          254839 
          26750          235237 
          26850          248240 
          26950          247361 
          27050          244243 
          27150          241103 
          27250          237713 
          27350          234236 
          27450          229812 
          27550          211946 
          27650          218177 
          27750          221079 
          27850          218814 
          27950          215963 
          28050          213038 
          28150          210134 
          28250          207313 
          28350          204597 
          28450          201597 
          28550          198602 
          28650          192509 
          28750          178647 
          28850          189763 
          28950          188499 
          29050          186423 
          29150          183661 
          29250          181504 
          29350          179259 
          29450          176928 
          29550          174692 
          29650          172458 
          29750          170236 
          29850          168091 
          29950          165887 
          30050          163763 
          30150          161596 
          30250          158850 
          30350          147924 
          30450          149928 
          30550          153146 
          30650          151823 
          30750          149989 
          30850          147886 
          30950          146228 
          31050          144404 
          31150          142380 
          31250          140861 
          31350          139166 
          31450          137445 
          31550          135935 
          31650          134386 
          31750          132606 
          31850          131180 
          31950          129593 
          32100          127270 
          32300          124326 
          32500          121417 
          32700          118446 
          32900          110195 
          33100          111495 
          33300          110071 
          33500          107737 
          33700          105135 
          33900          102836 
          34100          100584 
          34300         98462.9 
          34500         96413.3 
          34700         94269.4 
          34900         92245.5 
          35100         90249.5 
          35300         88301.5 
          35500         86391.5 
          35700         84480.6 
          35900         82816.8 
          36100           80893 
          36300           79415 
          36500         77455.6 
          36700         76168.9 
          36900         73978.6 
          37100         72934.1 
          37300         69990.7 
          37500         67400.2 
          37700         68632.7 
          37900           67396 
          38100         65369.4 
          38300         64269.8 
          38500         63537.7 
          38700         62211.1 
          38900         60860.9 
          39100         58426.3 
          39300         58689.5 
          39500         57613.5 
          39700         56539.7 
          39900         55314.1 
          40100         53533.9 
          40300         52110.8 
          40500         50221.5 
          40700         51223.4 
          40900         50415.2 
          41100         49559.9 
          41300         48634.7 
          41500           47557 
          41700         44931.1 
          41900         45779.8 
          42100         45080.4 
          42300         44343.5 
          42500           43535 
          42700         42758.2 
          42900         41989.8 
          43100         41238.3 
          43300         40496.3 
          43500         39730.6 
          43700         37594.3 
          43900         37960.3 
          44100         37690.2 
          44300         37060.9 
          44500         36416.4 
          44700         35853.7 
          44900         35172.6 
          45100         34583.5 
          45300         33990.5 
          45500         33417.6 
          45700         32840.8 
          45900         32278.1 
          46100         31743.2 
          46300         31139.1 
          46500           29337 
          46700         28806.4 
          46900         29518.6 
          47100         29195.4 
          47300         28743.7 
          47500           28265 
          47700         27814.9 
          47900         27377.9 
          48100         26937.3 
          48300           26508 
          48500         26084.9 
          48700         25672.5 
          48900         25262.8 
          49100         24860.5 
          49300         24470.1 
          49500         24099.1 
          49700         23702.6 
          49900         23355.7 
          50100           22991 
          50300         22607.5 
          50500         22298.8 
          50700         21954.6 
          50900         21555.6 
          51100         21182.3 
          51300         20054.1 
          51500         20584.7 
          51700         20262.3 
          51900         20044.8 
          52100         19759.4 
          52300         19466.7 
          52500         19138.2 
          52700         18793.9 
          52900         18622.4 
          53100         18384.8 
          53300         18117.2 
          53500         17833.2 
          53700         17453.7 
          53900         17212.9 
          54100         17079.5 
          54300         16846.6 
          54500           16609 
          54700         16368.1 
          54900         16136.6 
          55100         15834.8 
          55300         15449.4 
          55500         15443.5 
          55700         15250.2 
          55900         15029.1 
          56100         14832.4 
          56300         14628.6 
          56500         14429.6 
          56700         14229.5 
          56900         13998.2 
          57100         13528.2 
          57300         13602.6 
          57500         13472.9 
          57700         13291.4 
          57900         13110.9 
          58100         12937.1 
          58300         12757.6 
          58500         12584.7 
          58700         12410.5 
          58900         12180.8 
          59100         11562.5 
          59300         11874.6 
          59500         11461.8 
          59700         11506.7 
          59900         11464.6 
          60100         11325.9 
          60300         11183.5 
          60500         11040.7 
          60700         10898.6 
          60900           10759 
          61100         10618.1 
          61300         10493.8 
          61500         10370.8 
          61700         10240.4 
          61900         10107.5 
          62100         9977.99 
          62300         9839.31 
          62500         9715.67 
          62700         9562.18 
          62900         9135.16 
          63100         9304.33 
          63300         9240.71 
          63500         9136.92 
          63700         9038.14 
          63900         8928.87 
          64200         8767.46 
          64600         8554.07 
          65000         8348.71 
          65400         8153.25 
          65800         7957.66 
          66200         7768.88 
          66600         7587.93 
          67000         7409.82 
          67400         7212.74 
          67800          6906.2 
          68200         6896.55 
          68600         6756.69 
          69000         6603.11 
          69400         6441.55 
          69800         6310.81 
          70200         6172.43 
          70600         6033.14 
          71000         5887.11 
          71400         5775.08 
          71800         5649.74 
          72200         5523.59 
          72600          5387.6 
          73000            5289 
          73400         5180.89 
          73800         5068.08 
          74200         4949.12 
          74600         4727.04 
          75000         4562.96 
          75400         4636.08 
          75800         4558.01 
          76200         4472.27 
          76600         4381.14 
          77000         4292.58 
          77400         4200.72 
          77800         4080.77 
          78200         4035.15 
          78600          3959.6 
          79000         3881.56 
          79400         3804.97 
          79800         3730.32 
          80200         3657.29 
          80600         3586.39 
          81000         3517.26 
          81400         3409.42 
          81800         3368.11 
          82200         3319.78 
          82600         3257.01 
          83000         3195.52 
          83400         3134.48 
          83800         3075.45 
          84200         3018.94 
          84600         2963.98 
          85000         2909.66 
          85400         2856.02 
          85800         2803.92 
          86200         2749.77 
          86600         2652.13 
          87000         2646.12 
          87400          2567.9 
          87800         2522.66 
          88200         2514.61 
          88600         2470.02 
          89000         2426.94 
          89400         2384.58 
          89800         2342.59 
          90200         2301.91 
          90600         2261.61 
          91000         2223.08 
          91400         2185.13 
          91800         2147.93 
          92200         2111.34 
          92600         2070.25 
          93000         2040.59 
          93400         2004.15 
          93800         1931.17 
          94200          1928.9 
          94600         1907.44 
          95000         1873.01 
          95400         1841.11 
          95800         1815.22 
          96200         1785.38 
          96600         1756.57 
          97000          1728.1 
          97400         1699.92 
          97800         1672.81 
          98200         1643.66 
          98600         1613.84 
          99000         1594.21 
          99400         1568.94 
          99800         1544.06 
         100200         1519.82 
         200000         97.5072 
         400000         6.07077 
         600000          1.1889 
         800000        0.373215 
         1.0e+6        0.151807 
         1.2e+6       0.0727692 
         1.4e+6       0.0390723 
         1.6e+6       0.0227951 
