# Kurucz ODFNEW /NOVER models
# teff = 8000 K (value for the effective temperature for the model. Temperatures are given in K)
# logg = 4.5 log(cm/s2) (value for Log(G) for the model.)
# meta = 0  (value for the Metallicity for the model.)
# lh = 1.25  (l/Hp where l is the  mixing length of the convective element and Hp is the pressure scale height)
# vtur = 2.0 km/s (Microturbulence velocity)
#
# column 1: WAVELENGTH (ANGSTROM), Wavelength in Angstrom
# column 2: FLUX (ERG/CM2/S/A), Flux in erg/cm2/s/A
              0               0 
           90.9               0 
           93.5               0 
           96.1               0 
           97.7               0 
           99.6               0 
            102               0 
          103.8               0 
          105.6               0 
          107.7               0 
          110.4               0 
            114               0 
          117.8               0 
          121.3               0 
          124.8               0 
          127.1               0 
          128.4               0 
          130.5               0 
          132.4               0 
          133.9               0 
          136.6               0 
          139.8               0 
          143.3               0 
          147.2               0 
            151               0 
          155.2               0 
          158.8               0 
            162               0 
            166               0 
          170.3               0 
          173.4               0 
          176.8               0 
          180.2               0 
          181.7               0 
          186.1               0 
            191               0 
          193.9               0 
          198.4               0 
          201.8               0 
            205               0 
          210.5               0 
          216.2               0 
          219.8               0 
            223               0 
          226.8               0 
            230               0 
            234               0 
            240               0 
          246.5               0 
          252.4               0 
          256.8               0 
            260               0 
            264               0 
          268.5               0 
          273.5               0 
          278.5               0 
            284               0 
            290               0 
            296               0 
            301               0 
            308               0 
            318               0 
            328     3.33645e-24 
            338     3.29175e-23 
            348     2.82878e-22 
            357     1.75656e-21 
            366     9.93545e-21 
            375     5.14069e-20 
            385     2.90227e-19 
            395     1.49183e-18 
            405     7.03712e-18 
            414     2.65586e-17 
            422     8.21647e-17 
            430      2.4301e-16 
            441      1.0078e-15 
            451     3.44093e-15 
            460     9.89486e-15 
            470     3.04112e-14 
            480     8.88423e-14 
            490      2.4766e-13 
            500     6.59789e-13 
            506     1.54041e-12 
            512     3.01996e-12 
            520     6.16352e-12 
            530     1.46535e-11 
            540      3.3044e-11 
            550     7.32213e-11 
            560     1.56218e-10 
            570     3.23578e-10 
            580     6.44071e-10 
            590      1.27867e-9 
            600      2.44644e-9 
            610      4.57603e-9 
            620      8.36109e-9 
            630      1.49563e-8 
            640      2.62212e-8 
            650      4.51167e-8 
            658      6.87046e-8 
            665      9.82324e-8 
            675      1.61664e-7 
            685      2.61738e-7 
            695      4.17119e-7 
            705       6.5227e-7 
            716      1.05702e-6 
            726      1.61091e-6 
            735      2.32771e-6 
            745      3.46107e-6 
            755       5.0873e-6 
            765       7.3933e-6 
            775      1.06246e-5 
            785      1.51181e-5 
            795      2.10812e-5 
            805      2.95338e-5 
            815      4.09016e-5 
            825      5.59707e-5 
            835      7.59161e-5 
            845      0.00010212 
            855     0.000136252 
            865     0.000180358 
            875     0.000236261 
            885     0.000308993 
            895     0.000400226 
            905     0.000513008 
            915        0.234743 
            925         0.74538 
            935        0.978256 
            945         1.29042 
            955         1.74745 
            965         2.24378 
            975         2.74036 
            985         3.51015 
            995         4.28511 
           1005         5.56055 
           1015         6.88314 
           1025         8.02925 
           1035         10.3556 
           1045         12.7209 
           1055          15.515 
           1065         18.5783 
           1075         22.7282 
           1085         27.5533 
           1095         32.6324 
           1105         85.5602 
           1115         254.367 
           1125         359.487 
           1135         499.343 
           1145         618.964 
           1155         674.854 
           1165         896.314 
           1175         1048.83 
           1185         1099.77 
           1195         675.043 
           1205         644.713 
           1215          182.74 
           1225         734.794 
           1235         1597.69 
           1245         3149.41 
           1255         6364.83 
           1265         6379.04 
           1275          9145.8 
           1285         12523.1 
           1295         14878.9 
           1305         13606.1 
           1315         18500.7 
           1325         21385.7 
           1335         23526.8 
           1345         27974.3 
           1355           28794 
           1365         31877.8 
           1375         34488.4 
           1385         36676.9 
           1395         41519.2 
           1405         45800.5 
           1415         48064.5 
           1425         52983.8 
           1435         53803.2 
           1442         61822.6 
           1447           64721 
           1455         71382.1 
           1465         72454.1 
           1475         79031.9 
           1485         86372.6 
           1495         95804.7 
           1505          104655 
           1512          106384 
           1517          113918 
           1525          122260 
           1535          174357 
           1545          258769 
           1555          273586 
           1565          249843 
           1575          343421 
           1585          397870 
           1595          445971 
           1605          461243 
           1615          537720 
           1625          615222 
           1635      1.00256e+6 
           1645      2.19688e+6 
           1655      1.21228e+6 
           1665      2.89673e+6 
           1672      1.63961e+6 
           1677      4.41199e+6 
           1685      6.54402e+6 
           1695      4.47416e+6 
           1705      6.40863e+6 
           1715      1.02912e+7 
           1725       1.1106e+7 
           1735      1.45274e+7 
           1745      1.37144e+7 
           1755      1.74799e+7 
           1765      1.09251e+7 
           1775      1.58554e+7 
           1785      1.63747e+7 
           1795      2.12064e+7 
           1805      1.69608e+7 
           1815      1.81388e+7 
           1825      1.59928e+7 
           1835      1.54038e+7 
           1845      1.26974e+7 
           1855       1.5541e+7 
           1865       1.8792e+7 
           1875      1.78934e+7 
           1885      1.86561e+7 
           1895      2.00869e+7 
           1905      1.82727e+7 
           1915      2.03249e+7 
           1925      1.92563e+7 
           1935      1.29624e+7 
           1945      2.15212e+7 
           1955       2.2101e+7 
           1967      2.46705e+7 
           1976      2.38934e+7 
           1984      2.24148e+7 
           1995       2.2315e+7 
           2005      2.03143e+7 
           2015      2.02569e+7 
           2025      1.83614e+7 
           2035      2.19048e+7 
           2045      2.40063e+7 
           2055      2.27812e+7 
           2065      2.18437e+7 
           2074      2.57726e+7 
           2078      2.80265e+7 
           2085      2.66939e+7 
           2095      2.46294e+7 
           2105      2.27066e+7 
           2115      2.37649e+7 
           2125      2.45312e+7 
           2135      1.95199e+7 
           2145      2.38851e+7 
           2155      2.37654e+7 
           2165      2.16937e+7 
           2175      2.15313e+7 
           2185      2.34558e+7 
           2195      2.54984e+7 
           2205      2.40271e+7 
           2215      2.07622e+7 
           2225      2.07503e+7 
           2235      2.50758e+7 
           2245      2.24049e+7 
           2255      2.02559e+7 
           2265      2.01024e+7 
           2275      2.20705e+7 
           2285      2.38179e+7 
           2295      2.10237e+7 
           2305      2.23584e+7 
           2315      2.15091e+7 
           2325      2.09648e+7 
           2335        1.782e+7 
           2345      1.40813e+7 
           2355      2.07167e+7 
           2365      1.49467e+7 
           2375      1.80036e+7 
           2385      1.26473e+7 
           2395      1.51217e+7 
           2405      1.48249e+7 
           2415      1.53096e+7 
           2425      1.96635e+7 
           2435      1.87837e+7 
           2445      2.08751e+7 
           2455      2.07173e+7 
           2465       2.0743e+7 
           2475       1.8735e+7 
           2485      1.87431e+7 
           2495      1.76273e+7 
           2505      2.26734e+7 
           2513      1.78696e+7 
           2518      1.78724e+7 
           2525      1.58914e+7 
           2535      1.46208e+7 
           2545      1.37471e+7 
           2555      1.64022e+7 
           2565      1.62821e+7 
           2575      1.95677e+7 
           2585      1.98636e+7 
           2595       1.9293e+7 
           2605      1.77694e+7 
           2615      1.65237e+7 
           2625      2.07068e+7 
           2635      2.17485e+7 
           2645      2.65778e+7 
           2655      2.77937e+7 
           2665      2.25235e+7 
           2675      2.50174e+7 
           2685      2.51282e+7 
           2695      2.24585e+7 
           2705      2.41633e+7 
           2715      2.14997e+7 
           2725      2.20296e+7 
           2735       2.4317e+7 
           2745       1.7391e+7 
           2755      1.91641e+7 
           2765      2.08228e+7 
           2775      2.38622e+7 
           2785      2.07434e+7 
           2795      9.58122e+6 
           2805      1.24453e+7 
           2815      2.48215e+7 
           2825      2.72698e+7 
           2835      2.57367e+7 
           2845      2.42109e+7 
           2855      2.12491e+7 
           2865      2.57122e+7 
           2875      2.52511e+7 
           2885      2.53411e+7 
           2895       2.4026e+7 
           2910      2.84555e+7 
           2930      2.66821e+7 
           2950      2.64454e+7 
           2970       2.7803e+7 
           2990      2.78196e+7 
           3010      2.84062e+7 
           3030        2.811e+7 
           3050      2.81249e+7 
           3070      2.85423e+7 
           3090      2.89426e+7 
           3110      2.80484e+7 
           3130      2.78769e+7 
           3150      2.87382e+7 
           3170      2.85878e+7 
           3190        2.657e+7 
           3210      2.75423e+7 
           3230      2.59731e+7 
           3250       2.7325e+7 
           3270      2.82263e+7 
           3290      2.82817e+7 
           3310      2.88246e+7 
           3330       2.8141e+7 
           3350       2.7757e+7 
           3370      2.72693e+7 
           3390      2.74615e+7 
           3410      2.74663e+7 
           3430      2.76324e+7 
           3450      2.74974e+7 
           3470      2.71576e+7 
           3490      2.72045e+7 
           3510      2.76962e+7 
           3530      2.73346e+7 
           3550      2.82351e+7 
           3570      2.67326e+7 
           3590      2.64686e+7 
           3610      2.65984e+7 
           3630      2.68025e+7 
           3640       2.6453e+7 
           3650      2.78363e+7 
           3670        2.755e+7 
           3690      2.65568e+7 
           3710      2.66167e+7 
           3730      2.58668e+7 
           3750      3.04598e+7 
           3770      3.22978e+7 
           3790      3.85644e+7 
           3810      4.43219e+7 
           3830      3.53902e+7 
           3850      4.87202e+7 
           3870      5.41869e+7 
           3890      3.32935e+7 
           3910      5.39833e+7 
           3930      4.66738e+7 
           3950      5.35016e+7 
           3970      3.07533e+7 
           3990      5.36955e+7 
           4010      6.07311e+7 
           4030       6.1032e+7 
           4050       6.0139e+7 
           4070         5.71e+7 
           4090      4.61339e+7 
           4110      3.60983e+7 
           4130      5.49562e+7 
           4150      5.86691e+7 
           4170      5.88723e+7 
           4190      5.82239e+7 
           4210      5.82671e+7 
           4230      5.64878e+7 
           4250      5.69896e+7 
           4270      5.48539e+7 
           4290      5.48512e+7 
           4310      5.00195e+7 
           4330      3.98271e+7 
           4350      3.42954e+7 
           4370      5.09971e+7 
           4390      5.28069e+7 
           4410      5.23872e+7 
           4430       5.1725e+7 
           4450      5.25054e+7 
           4470       5.2342e+7 
           4490       5.1761e+7 
           4510      5.30291e+7 
           4530      5.10142e+7 
           4550      5.03975e+7 
           4570      5.16854e+7 
           4590      4.99448e+7 
           4610      5.05867e+7 
           4630      4.93213e+7 
           4650      4.95023e+7 
           4670      4.94457e+7 
           4690      4.75588e+7 
           4710      4.57004e+7 
           4730      4.77866e+7 
           4750      4.75537e+7 
           4770      4.68162e+7 
           4790       4.6142e+7 
           4810      4.49644e+7 
           4830      4.25597e+7 
           4850      3.33975e+7 
           4870      2.70782e+7 
           4890      3.98424e+7 
           4910      4.23358e+7 
           4930      4.21169e+7 
           4950      4.28859e+7 
           4970      4.31165e+7 
           4990       4.1643e+7 
           5010      4.04315e+7 
           5030      4.13971e+7 
           5050      4.06402e+7 
           5070      4.11819e+7 
           5090      4.05577e+7 
           5110      4.05065e+7 
           5130      3.97231e+7 
           5150      3.88753e+7 
           5170      3.79888e+7 
           5190      3.76225e+7 
           5210      3.78338e+7 
           5230      3.74914e+7 
           5250      3.80263e+7 
           5270      3.57362e+7 
           5290      3.71263e+7 
           5310      3.67417e+7 
           5330      3.53102e+7 
           5350       3.6202e+7 
           5370       3.5741e+7 
           5390       3.5431e+7 
           5410      3.46029e+7 
           5430      3.48368e+7 
           5450      3.48236e+7 
           5470      3.44147e+7 
           5490      3.41967e+7 
           5510      3.40198e+7 
           5530      3.35881e+7 
           5550      3.35654e+7 
           5570       3.2991e+7 
           5590      3.26021e+7 
           5610      3.25281e+7 
           5630      3.24888e+7 
           5650      3.21563e+7 
           5670      3.16557e+7 
           5690      3.15966e+7 
           5710       3.1283e+7 
           5730      3.14197e+7 
           5750      3.08972e+7 
           5770      3.07467e+7 
           5790      3.04223e+7 
           5810      3.02479e+7 
           5830      3.00641e+7 
           5850      2.96893e+7 
           5870      2.94644e+7 
           5890      2.87944e+7 
           5910      2.89849e+7 
           5930      2.87458e+7 
           5950      2.85178e+7 
           5970      2.83059e+7 
           5990      2.79869e+7 
           6010      2.76174e+7 
           6030      2.74646e+7 
           6050      2.73389e+7 
           6070      2.72091e+7 
           6090      2.68936e+7 
           6110      2.65927e+7 
           6130      2.61076e+7 
           6150      2.57498e+7 
           6170      2.55861e+7 
           6190      2.58252e+7 
           6210      2.56376e+7 
           6230      2.52743e+7 
           6250      2.46952e+7 
           6270      2.50276e+7 
           6290       2.4841e+7 
           6310      2.44284e+7 
           6330      2.43071e+7 
           6350      2.39543e+7 
           6370      2.38079e+7 
           6390      2.37476e+7 
           6410      2.33466e+7 
           6430      2.32727e+7 
           6450      2.28406e+7 
           6470      2.27698e+7 
           6490      2.23444e+7 
           6510      2.20837e+7 
           6530      2.12242e+7 
           6550      1.83164e+7 
           6570      1.47734e+7 
           6590      1.99364e+7 
           6610      2.10938e+7 
           6630      2.13173e+7 
           6650      2.12906e+7 
           6670      2.11411e+7 
           6690      2.10923e+7 
           6710      2.09241e+7 
           6730       2.0795e+7 
           6750      2.05272e+7 
           6770      2.05187e+7 
           6790      2.03482e+7 
           6810      2.01866e+7 
           6830      2.00064e+7 
           6850      1.98327e+7 
           6870      1.97357e+7 
           6890       1.9592e+7 
           6910      1.94322e+7 
           6930      1.92731e+7 
           6950      1.91366e+7 
           6970      1.89781e+7 
           6990      1.88596e+7 
           7010      1.85628e+7 
           7030      1.85076e+7 
           7050      1.84111e+7 
           7070      1.82777e+7 
           7090      1.81432e+7 
           7110      1.77037e+7 
           7130      1.77691e+7 
           7150      1.76573e+7 
           7170      1.75171e+7 
           7190      1.73491e+7 
           7210       1.7274e+7 
           7230      1.71469e+7 
           7250      1.69929e+7 
           7270      1.69423e+7 
           7290      1.67112e+7 
           7310      1.66524e+7 
           7330       1.6523e+7 
           7350       1.6457e+7 
           7370      1.63407e+7 
           7390      1.61406e+7 
           7410      1.59425e+7 
           7430      1.58302e+7 
           7450      1.57629e+7 
           7470      1.55969e+7 
           7490      1.55164e+7 
           7510      1.54653e+7 
           7530      1.53733e+7 
           7550      1.53098e+7 
           7570      1.51744e+7 
           7590      1.50749e+7 
           7610      1.49568e+7 
           7630       1.4861e+7 
           7650      1.47306e+7 
           7670      1.45392e+7 
           7690      1.44809e+7 
           7710      1.43843e+7 
           7730      1.43296e+7 
           7750      1.41861e+7 
           7770      1.38492e+7 
           7790      1.40494e+7 
           7810        1.393e+7 
           7830      1.37717e+7 
           7850      1.36466e+7 
           7870       1.3567e+7 
           7890      1.34553e+7 
           7910      1.33603e+7 
           7930      1.32139e+7 
           7950      1.31314e+7 
           7970      1.31723e+7 
           7990      1.29849e+7 
           8010       1.2953e+7 
           8030      1.28436e+7 
           8050      1.27735e+7 
           8070      1.26905e+7 
           8090      1.25864e+7 
           8110      1.25399e+7 
           8130      1.24703e+7 
           8150       1.2378e+7 
           8170      1.22932e+7 
           8190      1.20299e+7 
           8210      1.19965e+7 
           8230      1.19099e+7 
           8250      1.18556e+7 
           8270      1.19046e+7 
           8290      1.18132e+7 
           8310      1.17019e+7 
           8330      1.15296e+7 
           8350      1.15663e+7 
           8370      1.15207e+7 
           8390      1.13963e+7 
           8410       1.1356e+7 
           8430      1.12449e+7 
           8450      1.10256e+7 
           8470      1.10245e+7 
           8490      1.10076e+7 
           8510      1.05679e+7 
           8530      1.08824e+7 
           8550      9.84875e+6 
           8570      1.08734e+7 
           8590      1.03965e+7 
           8610      1.02237e+7 
           8630       1.0747e+7 
           8650      1.04204e+7 
           8670      8.97711e+6 
           8690      1.03097e+7 
           8710      1.06483e+7 
           8730      1.02951e+7 
           8750      8.67396e+6 
           8770      9.92118e+6 
           8790      1.04807e+7 
           8810      1.04817e+7 
           8830       1.0185e+7 
           8850      9.30781e+6 
           8870       8.1435e+6 
           8890      9.80768e+6 
           8910      1.01751e+7 
           8930      1.02118e+7 
           8950      1.02551e+7 
           8970      1.00413e+7 
           8990      9.57627e+6 
           9010      7.85016e+6 
           9030      8.52556e+6 
           9050      9.56794e+6 
           9070      9.61737e+6 
           9090      9.53361e+6 
           9110      9.74916e+6 
           9130      9.79281e+6 
           9150      9.73702e+6 
           9170      9.57138e+6 
           9190      9.28799e+6 
           9210      8.59973e+6 
           9230      6.91747e+6 
           9250      8.28291e+6 
           9270      8.85395e+6 
           9290      9.21484e+6 
           9310      9.26614e+6 
           9330      9.23855e+6 
           9350      9.21502e+6 
           9370      9.17743e+6 
           9390      9.07643e+6 
           9410      8.73496e+6 
           9430        8.903e+6 
           9450      8.85101e+6 
           9470      8.80023e+6 
           9490      8.65651e+6 
           9510      8.36019e+6 
           9530      7.67682e+6 
           9550      6.29064e+6 
           9570      7.71807e+6 
           9590      8.20574e+6 
           9610      8.28542e+6 
           9630       8.2409e+6 
           9650      8.32772e+6 
           9670      8.21758e+6 
           9690      8.20697e+6 
           9710      8.26909e+6 
           9730      8.21482e+6 
           9750       8.1134e+6 
           9770      8.12875e+6 
           9790      8.07791e+6 
           9810      8.03207e+6 
           9830      7.96668e+6 
           9850      7.88115e+6 
           9870      7.82683e+6 
           9890      7.73357e+6 
           9910      7.70008e+6 
           9930      7.67903e+6 
           9950      7.61737e+6 
           9970      7.54931e+6 
           9990      7.42739e+6 
          10025      6.71889e+6 
          10075      6.38663e+6 
          10125      7.11342e+6 
          10175      7.12628e+6 
          10225      7.07549e+6 
          10275      6.99431e+6 
          10325      6.87091e+6 
          10375       6.7793e+6 
          10425      6.68046e+6 
          10475      6.50867e+6 
          10525      6.45717e+6 
          10575      6.36966e+6 
          10625      6.28146e+6 
          10675      6.06606e+6 
          10725      6.05221e+6 
          10775      5.97217e+6 
          10825      5.84994e+6 
          10875      5.66599e+6 
          10925      4.78948e+6 
          10975      5.20194e+6 
          11025      5.52556e+6 
          11075      5.52736e+6 
          11125      5.45134e+6 
          11175      5.38787e+6 
          11225       5.3289e+6 
          11275       5.1647e+6 
          11325      5.10421e+6 
          11375      5.08301e+6 
          11425      4.98438e+6 
          11475      4.97679e+6 
          11525      4.91414e+6 
          11575      4.84084e+6 
          11625      4.71789e+6 
          11675        4.627e+6 
          11725      4.65557e+6 
          11775      4.49737e+6 
          11825      4.48313e+6 
          11875      4.39604e+6 
          11925      4.42044e+6 
          11975      4.30505e+6 
          12025      4.27975e+6 
          12075      4.21181e+6 
          12125      4.16307e+6 
          12175       4.1297e+6 
          12225      4.07028e+6 
          12275      4.00769e+6 
          12325      3.96134e+6 
          12375      3.91637e+6 
          12425      3.87515e+6 
          12475      3.81801e+6 
          12525      3.76261e+6 
          12575       3.6894e+6 
          12625      3.65123e+6 
          12675      3.60866e+6 
          12725      3.53404e+6 
          12775      3.34164e+6 
          12825      2.83302e+6 
          12875       3.2931e+6 
          12925      3.36283e+6 
          12975      3.35105e+6 
          13025       3.3196e+6 
          13075      3.28965e+6 
          13125      3.24166e+6 
          13175      3.19303e+6 
          13225      3.17192e+6 
          13275      3.13034e+6 
          13325      3.09545e+6 
          13375      3.05674e+6 
          13425      3.02086e+6 
          13475      2.98416e+6 
          13525      2.94072e+6 
          13575      2.90131e+6 
          13625      2.87681e+6 
          13675      2.83829e+6 
          13725      2.78144e+6 
          13775      2.76546e+6 
          13825      2.73505e+6 
          13875       2.7138e+6 
          13925      2.66851e+6 
          13975      2.64308e+6 
          14025       2.6124e+6 
          14075      2.58664e+6 
          14125       2.5491e+6 
          14175      2.52478e+6 
          14225      2.48881e+6 
          14275      2.45588e+6 
          14325      2.43656e+6 
          14375      2.41271e+6 
          14425      2.33265e+6 
          14475       2.3536e+6 
          14525      2.30064e+6 
          14570      2.29923e+6 
          14620      2.26749e+6 
          14675       2.2472e+6 
          14725      2.21459e+6 
          14775      2.18203e+6 
          14825       2.1651e+6 
          14875      2.12793e+6 
          14925      2.13078e+6 
          14975      2.09961e+6 
          15025       2.0668e+6 
          15075      2.04267e+6 
          15125      2.03511e+6 
          15175      2.01371e+6 
          15225      1.98701e+6 
          15275      1.96708e+6 
          15325      1.94336e+6 
          15375      1.92293e+6 
          15425      1.88769e+6 
          15475      1.87629e+6 
          15525      1.85735e+6 
          15575      1.82277e+6 
          15625       1.8281e+6 
          15675      1.78349e+6 
          15725      1.75022e+6 
          15775      1.75474e+6 
          15825      1.74307e+6 
          15875      1.64301e+6 
          15925       1.6896e+6 
          15975       1.7003e+6 
          16050      1.64672e+6 
          16150       1.5676e+6 
          16250      1.61899e+6 
          16350       1.5316e+6 
          16450       1.4405e+6 
          16550      1.52286e+6 
          16650      1.49443e+6 
          16750      1.39285e+6 
          16850      1.30159e+6 
          16950      1.39938e+6 
          17050       1.3742e+6 
          17150      1.34849e+6 
          17250      1.29403e+6 
          17350      1.13136e+6 
          17450       1.2175e+6 
          17550      1.23085e+6 
          17650      1.20932e+6 
          17750      1.18954e+6 
          17850      1.16374e+6 
          17950      1.14248e+6 
          18050      1.10108e+6 
          18150          969448 
          18250      1.02324e+6 
          18350      1.04572e+6 
          18450      1.02897e+6 
          18550        1.005e+6 
          18650          971409 
          18750          847103 
          18850          926796 
          18950          922737 
          19050          917257 
          19150          898898 
          19250          878482 
          19350          844593 
          19450          741096 
          19550          813505 
          19650          814407 
          19750          800221 
          19850          788871 
          19950          774319 
          20050          760690 
          20150          747341 
          20250          732462 
          20350          717787 
          20450          707207 
          20550          694124 
          20650          679872 
          20750          668486 
          20850          656977 
          20950          644533 
          21050          633440 
          21150          620735 
          21250          609718 
          21350          598599 
          21450          587731 
          21550          568484 
          21650          501550 
          21750          542642 
          21850          546732 
          21950          541158 
          22050          531178 
          22150          522445 
          22250          515340 
          22350          506697 
          22450          498276 
          22550          488044 
          22650          481326 
          22750          473669 
          22850          465644 
          22950          457846 
          23050          451386 
          23150          443825 
          23250          437124 
          23350          429878 
          23450          423328 
          23550          416643 
          23650          410197 
          23750          403224 
          23850          396943 
          23950          391025 
          24050          384754 
          24150          378686 
          24250          373077 
          24350          366964 
          24450          361574 
          24550          355476 
          24650          350403 
          24750          344902 
          24850          339149 
          24950          333402 
          25050          330128 
          25150          325008 
          25250          318200 
          25350          315262 
          25450          311143 
          25550          305249 
          25650          297137 
          25750          296771 
          25850          292686 
          25950          288913 
          26050          281242 
          26150          269410 
          26250          246886 
          26350          265726 
          26450          267986 
          26550          264907 
          26650          258690 
          26750          246298 
          26850          252133 
          26950          251464 
          27050          248403 
          27150          245243 
          27250          241808 
          27350          238023 
          27450          232987 
          27550          218041 
          27650          221084 
          27750          224415 
          27850          222510 
          27950          220106 
          28050          217261 
          28150          214356 
          28250          211439 
          28350          208543 
          28450          204967 
          28550          201472 
          28650          193950 
          28750          181897 
          28850          191759 
          28950          191493 
          29050          189744 
          29150          187238 
          29250          185000 
          29350          182780 
          29450          180372 
          29550          178101 
          29650          175817 
          29750          173543 
          29850          171351 
          29950          169024 
          30050          166662 
          30150          164083 
          30250          160641 
          30350          149155 
          30450          150598 
          30550          155075 
          30650          154169 
          30750          152754 
          30850          150696 
          30950          148997 
          31050          147156 
          31150          144978 
          31250          143527 
          31350          141792 
          31450          140054 
          31550          138448 
          31650          136913 
          31750          135084 
          31850          133632 
          31950          132032 
          32100          129628 
          32300          126637 
          32500          123625 
          32700          120197 
          32900          110853 
          33100          112557 
          33300          111987 
          33500          109738 
          33700          107082 
          33900          104744 
          34100          102430 
          34300          100275 
          34500         98198.2 
          34700         96005.8 
          34900         93940.6 
          35100         91906.8 
          35300         89903.9 
          35500         87984.9 
          35700           86059 
          35900         84243.5 
          36100           82454 
          36300           80756 
          36500           78977 
          36700         77346.5 
          36900         75481.1 
          37100         73916.8 
          37300         70326.5 
          37500         68142.2 
          37700         69520.7 
          37900         68321.8 
          38100         66760.5 
          38300         65520.5 
          38500         64427.2 
          38700         63076.3 
          38900         61727.3 
          39100         60153.7 
          39300         59472.2 
          39500         58374.1 
          39700         57285.5 
          39900         56000.3 
          40100         54513.1 
          40300         53265.9 
          40500         50285.7 
          40700         51682.7 
          40900         50978.2 
          41100         50193.4 
          41300         49224.7 
          41500         48071.1 
          41700         46157.2 
          41900         46271.2 
          42100         45617.9 
          42300         44928.7 
          42500         44102.2 
          42700         43320.3 
          42900         42542.6 
          43100         41779.7 
          43300         41010.7 
          43500         40136.8 
          43700         38298.5 
          43900         38315.9 
          44100         38108.7 
          44300           37537 
          44500         36886.5 
          44700         36287.5 
          44900         35624.6 
          45100         35024.2 
          45300         34425.8 
          45500         33839.7 
          45700         33250.3 
          45900         32673.2 
          46100         32110.2 
          46300         31425.7 
          46500         29345.7 
          46700         29131.1 
          46900         29746.4 
          47100         29518.1 
          47300         29085.5 
          47500         28612.3 
          47700         28159.3 
          47900         27717.7 
          48100           27276 
          48300           26873 
          48500         26443.6 
          48700         26023.5 
          48900         25617.3 
          49100         25199.6 
          49300         24814.2 
          49500         24418.8 
          49700         24044.3 
          49900         23674.9 
          50100         23304.7 
          50300         22918.7 
          50500           22575 
          50700         22205.3 
          50900         21830.4 
          51100         21336.7 
          51300         20200.1 
          51500         20752.3 
          51700           20547 
          51900         20275.6 
          52100         20002.3 
          52300         19707.7 
          52500         19393.8 
          52700         19089.6 
          52900         18855.3 
          53100         18581.3 
          53300         18310.8 
          53500         18042.5 
          53700         17725.5 
          53900         17474.9 
          54100         17273.8 
          54300         17022.9 
          54500           16784 
          54700         16536.9 
          54900         16309.1 
          55100         16038.3 
          55300         15775.9 
          55500         15615.9 
          55700         15412.9 
          55900         15187.1 
          56100           14988 
          56300         14780.7 
          56500         14580.6 
          56700         14377.2 
          56900         14148.3 
          57100         13874.9 
          57300         13752.9 
          57500           13613 
          57700         13428.3 
          57900         13245.8 
          58100           13071 
          58300         12892.8 
          58500         12710.2 
          58700         12523.1 
          58900         12248.1 
          59100         11605.6 
          59300         11952.8 
          59500         11736.3 
          59700         11659.9 
          59900         11573.8 
          60100         11440.6 
          60300           11312 
          60500         11167.3 
          60700         11021.3 
          60900         10878.9 
          61100         10732.1 
          61300         10605.1 
          61500         10472.4 
          61700         10339.4 
          61900         10207.8 
          62100         10081.5 
          62300         9944.12 
          62500         9808.25 
          62700         9647.08 
          62900         9366.15 
          63100          9388.9 
          63300         9326.48 
          63500         9233.43 
          63700         9123.64 
          63900         9011.34 
          64200         8849.09 
          64600          8634.5 
          65000         8426.99 
          65400            8229 
          65800         8033.63 
          66200         7844.19 
          66600         7661.65 
          67000         7482.73 
          67400         7273.77 
          67800         6997.82 
          68200         6966.76 
          68600         6820.04 
          69000         6665.23 
          69400         6514.61 
          69800         6370.41 
          70200         6228.46 
          70600         6091.27 
          71000         5959.21 
          71400         5828.15 
          71800         5701.33 
          72200         5574.58 
          72600         5456.07 
          73000         5342.09 
          73400         5227.81 
          73800         5116.59 
          74200         4991.06 
          74600         4740.38 
          75000         4600.68 
          75400         4668.34 
          75800         4601.03 
          76200         4512.69 
          76600         4421.07 
          77000         4331.55 
          77400         4242.81 
          77800         4144.39 
          78200         4074.57 
          78600         3995.15 
          79000          3916.1 
          79400         3838.96 
          79800          3763.5 
          80200         3690.03 
          80600         3618.11 
          81000          3548.7 
          81400         3464.16 
          81800         3404.59 
          82200         3349.01 
          82600         3285.79 
          83000         3223.61 
          83400         3162.12 
          83800          3102.7 
          84200         3045.62 
          84600         2989.93 
          85000         2935.06 
          85400         2881.02 
          85800         2828.38 
          86200          2773.7 
          86600         2701.92 
          87000         2668.72 
          87400         2585.51 
          87800         2539.72 
          88200         2535.14 
          88600         2491.76 
          89000         2447.91 
          89400         2405.13 
          89800         2362.73 
          90200         2322.05 
          90600         2281.99 
          91000         2242.23 
          91400         2203.89 
          91800         2166.39 
          92200         2129.64 
          92600         2093.45 
          93000         2058.23 
          93400         2021.07 
          93800         1962.81 
          94200         1945.58 
          94600         1923.78 
          95000         1892.17 
          95400         1860.56 
          95800         1830.69 
          96200         1800.56 
          96600         1771.51 
          97000         1742.83 
          97400         1714.33 
          97800         1687.03 
          98200         1659.79 
          98600         1633.52 
          99000         1607.78 
          99400         1582.25 
          99800         1557.26 
         100200         1532.84 
         200000         98.3361 
         400000         6.12659 
         600000         1.20041 
         800000        0.376965 
         1.0e+6        0.153382 
         1.2e+6       0.0735409 
         1.4e+6       0.0394914 
         1.6e+6       0.0230438 
