# Kurucz ODFNEW /NOVER models
# teff = 5250 K (value for the effective temperature for the model. Temperatures are given in K)
# logg = 4 log(cm/s2) (value for Log(G) for the model.)
# meta = 0  (value for the Metallicity for the model.)
# lh = 1.25  (l/Hp where l is the  mixing length of the convective element and Hp is the pressure scale height)
# vtur = 2.0 km/s (Microturbulence velocity)
#
# column 1: WAVELENGTH (ANGSTROM), Wavelength in Angstrom
# column 2: FLUX (ERG/CM2/S/A), Flux in erg/cm2/s/A
              0               0 
           90.9               0 
           93.5               0 
           96.1               0 
           97.7               0 
           99.6               0 
            102               0 
          103.8               0 
          105.6               0 
          107.7               0 
          110.4               0 
            114               0 
          117.8               0 
          121.3               0 
          124.8               0 
          127.1               0 
          128.4               0 
          130.5               0 
          132.4               0 
          133.9               0 
          136.6               0 
          139.8               0 
          143.3               0 
          147.2               0 
            151               0 
          155.2               0 
          158.8               0 
            162               0 
            166               0 
          170.3               0 
          173.4               0 
          176.8               0 
          180.2               0 
          181.7               0 
          186.1               0 
            191               0 
          193.9               0 
          198.4               0 
          201.8               0 
            205               0 
          210.5               0 
          216.2               0 
          219.8               0 
            223               0 
          226.8               0 
            230               0 
            234               0 
            240               0 
          246.5               0 
          252.4               0 
          256.8               0 
            260               0 
            264               0 
          268.5               0 
          273.5               0 
          278.5               0 
            284               0 
            290               0 
            296               0 
            301               0 
            308               0 
            318               0 
            328               0 
            338               0 
            348               0 
            357               0 
            366               0 
            375               0 
            385               0 
            395               0 
            405               0 
            414               0 
            422               0 
            430               0 
            441               0 
            451               0 
            460               0 
            470               0 
            480               0 
            490               0 
            500               0 
            506               0 
            512               0 
            520               0 
            530               0 
            540     1.33677e-24 
            550     5.00324e-24 
            560     1.77157e-23 
            570     5.98443e-23 
            580     1.91288e-22 
            590     5.98689e-22 
            600     1.78089e-21 
            610       5.101e-21 
            620     1.40842e-20 
            630     3.75763e-20 
            640     9.70707e-20 
            650     2.43024e-19 
            658     4.95611e-19 
            665     9.10167e-19 
            675      2.1206e-18 
            685     4.81269e-18 
            695     1.06431e-17 
            705     2.29263e-17 
            716     5.21333e-17 
            726     1.07285e-16 
            735     2.01746e-16 
            745      3.9912e-16 
            755     7.74379e-16 
            765     1.47512e-15 
            775     2.75762e-15 
            785     5.07036e-15 
            795      9.1109e-15 
            805     1.62651e-14 
            815     2.85373e-14 
            825      4.9255e-14 
            835     8.38103e-14 
            845     1.40646e-13 
            855     2.32941e-13 
            865     3.80781e-13 
            875     6.14134e-13 
            885     9.81044e-13 
            895      1.5476e-12 
            905     2.41353e-12 
            915      1.07166e-8 
            925      4.24473e-8 
            935      5.80722e-8 
            945      9.04591e-8 
            955      1.41898e-7 
            965      2.21505e-7 
            975      2.99054e-7 
            985      4.47545e-7 
            995      6.31939e-7 
           1005      9.54932e-7 
           1015      1.33074e-6 
           1025      1.69521e-6 
           1035      2.73341e-6 
           1045      3.89212e-6 
           1055      4.94747e-6 
           1065      7.07174e-6 
           1075      9.64852e-6 
           1085      1.31296e-5 
           1095      1.65582e-5 
           1105      2.27092e-5 
           1115      3.21449e-5 
           1125      4.41375e-5 
           1135      6.16202e-5 
           1145      8.12956e-5 
           1155     0.000104596 
           1165      0.00013731 
           1175     0.000179182 
           1185     0.000221709 
           1195     0.000254795 
           1205     0.000295204 
           1215     0.000229872 
           1225     0.000462004 
           1235     0.000673298 
           1245     0.000862503 
           1255      0.00105224 
           1265      0.00129393 
           1275      0.00160198 
           1285      0.00192195 
           1295       0.0023848 
           1305       0.0028678 
           1315      0.00356201 
           1325      0.00423676 
           1335      0.00513044 
           1345      0.00636019 
           1355      0.00779263 
           1365      0.00932432 
           1375       0.0112246 
           1385       0.0132887 
           1395       0.0159634 
           1405       0.0193974 
           1415       0.0236173 
           1425       0.0278324 
           1435        0.033366 
           1442       0.0390234 
           1447       0.0410374 
           1455       0.0458068 
           1465       0.0574303 
           1475       0.0655529 
           1485       0.0752974 
           1495       0.0941984 
           1505         0.11182 
           1512        0.114657 
           1517        0.128144 
           1525        0.158677 
           1535         0.44396 
           1545         0.52303 
           1555        0.859241 
           1565        0.852694 
           1575         1.89502 
           1585         2.35256 
           1595         2.76711 
           1605         3.08064 
           1615         3.45688 
           1625         3.94161 
           1635         5.10439 
           1645         7.53858 
           1655         5.37486 
           1665         9.22153 
           1672         6.30604 
           1677         12.6255 
           1685         25.5822 
           1695         42.1361 
           1705         52.3764 
           1715          52.952 
           1725         74.2655 
           1735         89.2146 
           1745         125.576 
           1755         164.757 
           1765         155.494 
           1775         165.298 
           1785          233.14 
           1795         255.478 
           1805         306.043 
           1815         293.073 
           1825         378.107 
           1835         405.649 
           1845         304.481 
           1855         422.941 
           1865          519.45 
           1875         568.574 
           1885         629.651 
           1895         831.079 
           1905         795.406 
           1915         915.212 
           1925         941.738 
           1935         569.267 
           1945         1205.37 
           1955         1321.31 
           1967         1681.57 
           1976         1699.48 
           1984         1801.22 
           1995         1890.46 
           2005         1914.85 
           2015          2150.4 
           2025         1725.71 
           2035         2390.71 
           2045         2741.77 
           2055         2912.48 
           2065         2921.01 
           2074         2958.51 
           2078         3654.68 
           2085         3992.61 
           2095         5781.47 
           2105         9141.45 
           2115         11064.7 
           2125         9543.35 
           2135         11044.3 
           2145         13653.4 
           2155           12857 
           2165         12508.6 
           2175         12623.2 
           2185         15837.1 
           2195           16909 
           2205         17036.5 
           2215         13441.4 
           2225         17486.4 
           2235         26476.3 
           2245         25916.5 
           2255         21370.9 
           2265         17150.4 
           2275         20421.1 
           2285         30376.8 
           2295         24178.7 
           2305         27086.5 
           2315         27104.6 
           2325         27200.9 
           2335         28415.3 
           2345         19237.2 
           2355         30738.9 
           2365           22774 
           2375         27776.8 
           2385         20280.9 
           2395         25211.8 
           2405         28177.8 
           2415           26084 
           2425         42107.9 
           2435         46597.9 
           2445         58653.2 
           2455         62825.7 
           2465         47804.3 
           2475         43749.9 
           2485         17854.8 
           2495         28830.5 
           2505         46297.2 
           2513         28617.6 
           2518         19978.2 
           2525         19850.4 
           2535           34400 
           2545         44195.4 
           2555          126280 
           2565         94749.1 
           2575          149917 
           2585          133204 
           2595          117746 
           2605         99106.6 
           2615           89888 
           2625          129411 
           2635          314000 
           2645          413675 
           2655          708245 
           2665          369833 
           2675          407361 
           2685          541797 
           2695          330284 
           2705          467571 
           2715          292114 
           2725          159928 
           2735          245270 
           2745          142792 
           2755          214661 
           2765          308741 
           2775          310453 
           2785          164667 
           2795           65561 
           2805         84112.8 
           2815          258203 
           2825          390965 
           2835          299846 
           2845          144874 
           2855         63583.3 
           2865          221130 
           2875          472278 
           2885          496258 
           2895          729185 
           2910      1.04974e+6 
           2930          948310 
           2950          857098 
           2970          875316 
           2990          885392 
           3010          802643 
           3030          985927 
           3050      1.02625e+6 
           3070      1.20467e+6 
           3090      1.09739e+6 
           3110      1.40151e+6 
           3130      1.22126e+6 
           3150      1.24647e+6 
           3170      1.41614e+6 
           3190       1.2114e+6 
           3210      1.31613e+6 
           3230      1.06102e+6 
           3250      1.64631e+6 
           3270      2.02484e+6 
           3290       1.9759e+6 
           3310      1.74486e+6 
           3330      1.81063e+6 
           3350       1.6988e+6 
           3370      1.17097e+6 
           3390      1.38899e+6 
           3410      1.45604e+6 
           3430      1.58888e+6 
           3450      1.66141e+6 
           3470       1.7466e+6 
           3490      2.02644e+6 
           3510      2.15952e+6 
           3530       1.9012e+6 
           3550      2.22723e+6 
           3570      1.37211e+6 
           3590      1.49452e+6 
           3610      1.97447e+6 
           3630        2.049e+6 
           3640      2.10862e+6 
           3650      2.45762e+6 
           3670      2.60002e+6 
           3690      2.39713e+6 
           3710      2.54318e+6 
           3730      1.55034e+6 
           3750      1.81195e+6 
           3770      2.35754e+6 
           3790      2.33215e+6 
           3810      2.10141e+6 
           3830      1.11831e+6 
           3850        1.397e+6 
           3870      1.42611e+6 
           3890      2.17378e+6 
           3910      2.71334e+6 
           3930      1.29797e+6 
           3950       2.3927e+6 
           3970      1.62867e+6 
           3990      3.55218e+6 
           4010      3.85842e+6 
           4030      3.73392e+6 
           4050      3.55611e+6 
           4070      3.39434e+6 
           4090      4.14361e+6 
           4110      4.05676e+6 
           4130      3.79714e+6 
           4150       3.6307e+6 
           4170      3.72075e+6 
           4190       3.5469e+6 
           4210      3.75643e+6 
           4230      3.72438e+6 
           4250      3.78284e+6 
           4270      3.48137e+6 
           4290      3.13025e+6 
           4310      2.61434e+6 
           4330      4.07274e+6 
           4350       3.9197e+6 
           4370      4.26464e+6 
           4390      3.79309e+6 
           4410      4.17368e+6 
           4430      4.57588e+6 
           4450      4.56413e+6 
           4470      4.89897e+6 
           4490      4.99913e+6 
           4510      5.62665e+6 
           4530      5.00045e+6 
           4550      5.21117e+6 
           4570      5.58037e+6 
           4590      5.28381e+6 
           4610      5.43236e+6 
           4630      5.33756e+6 
           4650      5.39471e+6 
           4670      5.57749e+6 
           4690      5.46648e+6 
           4710      5.29056e+6 
           4730      5.52089e+6 
           4750       5.6757e+6 
           4770      5.70124e+6 
           4790      5.68607e+6 
           4810       5.6143e+6 
           4830      5.74327e+6 
           4850      5.43254e+6 
           4870      4.95215e+6 
           4890      5.46186e+6 
           4910      5.45544e+6 
           4930      5.34119e+6 
           4950       5.6224e+6 
           4970      5.61199e+6 
           4990      5.20536e+6 
           5010      4.94984e+6 
           5030      5.26034e+6 
           5050      5.26235e+6 
           5070      5.49876e+6 
           5090      5.21951e+6 
           5110      5.32213e+6 
           5130      5.17148e+6 
           5150      4.95257e+6 
           5170      4.34576e+6 
           5190      4.51415e+6 
           5210      5.06817e+6 
           5230       5.2413e+6 
           5250      5.44762e+6 
           5270       4.7631e+6 
           5290      5.44333e+6 
           5310       5.7204e+6 
           5330      5.06239e+6 
           5350      5.51846e+6 
           5370      5.51765e+6 
           5390      5.40547e+6 
           5410      5.23956e+6 
           5430      5.36661e+6 
           5450      5.57665e+6 
           5470      5.44189e+6 
           5490      5.39995e+6 
           5510      5.38451e+6 
           5530      5.48006e+6 
           5550      5.57173e+6 
           5570       5.4049e+6 
           5590      5.25827e+6 
           5610      5.48995e+6 
           5630      5.47514e+6 
           5650      5.47928e+6 
           5670      5.34272e+6 
           5690      5.45128e+6 
           5710      5.29922e+6 
           5730      5.70094e+6 
           5750      5.49726e+6 
           5770      5.56412e+6 
           5790      5.34686e+6 
           5810      5.53096e+6 
           5830      5.64116e+6 
           5850      5.48761e+6 
           5870      5.50068e+6 
           5890      4.94727e+6 
           5910      5.42939e+6 
           5930      5.42753e+6 
           5950      5.43581e+6 
           5970      5.47589e+6 
           5990      5.40253e+6 
           6010      5.30174e+6 
           6030       5.3551e+6 
           6050      5.45541e+6 
           6070      5.41545e+6 
           6090      5.24148e+6 
           6110      5.22307e+6 
           6130      4.99634e+6 
           6150      5.11542e+6 
           6170      4.89834e+6 
           6190      5.19906e+6 
           6210      5.20686e+6 
           6230      5.04689e+6 
           6250       4.8969e+6 
           6270      5.10499e+6 
           6290       5.1397e+6 
           6310      4.97754e+6 
           6330      5.00219e+6 
           6350      5.01379e+6 
           6370      4.98801e+6 
           6390      5.04116e+6 
           6410      4.91753e+6 
           6430      4.97053e+6 
           6450      4.91315e+6 
           6470         4.89e+6 
           6490      4.81125e+6 
           6510      4.93641e+6 
           6530      4.94325e+6 
           6550      4.84627e+6 
           6570      4.52932e+6 
           6590      4.84671e+6 
           6610      4.89414e+6 
           6630      4.84737e+6 
           6650      4.83664e+6 
           6670      4.76628e+6 
           6690      4.85382e+6 
           6710      4.72191e+6 
           6730      4.80951e+6 
           6750      4.74212e+6 
           6770      4.74266e+6 
           6790      4.71436e+6 
           6810      4.68255e+6 
           6830      4.72197e+6 
           6850      4.59399e+6 
           6870      4.64732e+6 
           6890      4.65731e+6 
           6910      4.61965e+6 
           6930      4.58964e+6 
           6950      4.56047e+6 
           6970      4.56179e+6 
           6990      4.53232e+6 
           7010      4.39811e+6 
           7030      4.47341e+6 
           7050      4.49704e+6 
           7070       4.4402e+6 
           7090      4.41915e+6 
           7110      4.43009e+6 
           7130      4.34339e+6 
           7150      4.31096e+6 
           7170      4.32145e+6 
           7190      4.18297e+6 
           7210      4.27429e+6 
           7230      4.29459e+6 
           7250      4.30238e+6 
           7270       4.2808e+6 
           7290       4.1518e+6 
           7310      4.22324e+6 
           7330      4.20111e+6 
           7350      4.20429e+6 
           7370      4.22105e+6 
           7390      4.11102e+6 
           7410       4.0639e+6 
           7430      4.11003e+6 
           7450      4.10985e+6 
           7470      4.13426e+6 
           7490      4.09025e+6 
           7510      4.09774e+6 
           7530      4.09957e+6 
           7550      4.10479e+6 
           7570      4.05763e+6 
           7590      4.04471e+6 
           7610      4.02112e+6 
           7630      4.03838e+6 
           7650      4.02381e+6 
           7670      3.90315e+6 
           7690      3.99458e+6 
           7710      3.93253e+6 
           7730      3.93061e+6 
           7750      3.88318e+6 
           7770      3.95582e+6 
           7790      3.93726e+6 
           7810      3.91157e+6 
           7830      3.86606e+6 
           7850      3.85893e+6 
           7870       3.8762e+6 
           7890      3.83006e+6 
           7910      3.75436e+6 
           7930      3.69416e+6 
           7950      3.67725e+6 
           7970      3.75688e+6 
           7990      3.74807e+6 
           8010      3.70259e+6 
           8030      3.69749e+6 
           8050      3.65741e+6 
           8070      3.67105e+6 
           8090      3.58735e+6 
           8110      3.61127e+6 
           8130       3.6316e+6 
           8150       3.6071e+6 
           8170      3.59973e+6 
           8190      3.49114e+6 
           8210      3.49993e+6 
           8230      3.49801e+6 
           8250      3.52922e+6 
           8270      3.55347e+6 
           8290      3.52769e+6 
           8310      3.43829e+6 
           8330      3.42435e+6 
           8350      3.43514e+6 
           8370       3.4501e+6 
           8390      3.35965e+6 
           8410      3.43646e+6 
           8430      3.35657e+6 
           8450      3.39467e+6 
           8470      3.36355e+6 
           8490      3.33768e+6 
           8510      3.17822e+6 
           8530       3.2788e+6 
           8550      2.82744e+6 
           8570       3.3491e+6 
           8590      3.28564e+6 
           8610      3.27955e+6 
           8630      3.30482e+6 
           8650      3.26525e+6 
           8670      2.82645e+6 
           8690      3.17061e+6 
           8710      3.22703e+6 
           8730       3.2246e+6 
           8750      3.17504e+6 
           8770      3.22469e+6 
           8790      3.19252e+6 
           8810      3.10345e+6 
           8830      3.16059e+6 
           8850      3.16854e+6 
           8870      3.08804e+6 
           8890      3.16191e+6 
           8910      3.17061e+6 
           8930      3.09901e+6 
           8950      3.09182e+6 
           8970      3.09407e+6 
           8990      3.10111e+6 
           9010       2.9569e+6 
           9030      3.05054e+6 
           9050      3.09701e+6 
           9070       3.0482e+6 
           9090       2.9571e+6 
           9110      2.97001e+6 
           9130      3.02503e+6 
           9150      2.94819e+6 
           9170      2.91178e+6 
           9190      2.92147e+6 
           9210      2.84293e+6 
           9230      2.82412e+6 
           9250      2.82425e+6 
           9270      2.86091e+6 
           9290      2.84381e+6 
           9310      2.87216e+6 
           9330      2.85756e+6 
           9350      2.83768e+6 
           9370      2.82021e+6 
           9390      2.80561e+6 
           9410      2.70975e+6 
           9430       2.7661e+6 
           9450      2.71951e+6 
           9470       2.7697e+6 
           9490      2.76879e+6 
           9510      2.76274e+6 
           9530      2.73573e+6 
           9550      2.68537e+6 
           9570      2.71258e+6 
           9590      2.73535e+6 
           9610      2.70681e+6 
           9630      2.68331e+6 
           9650      2.65674e+6 
           9670      2.64802e+6 
           9690      2.67795e+6 
           9710      2.65762e+6 
           9730      2.65136e+6 
           9750      2.62492e+6 
           9770       2.6276e+6 
           9790      2.59643e+6 
           9810       2.6306e+6 
           9830      2.61363e+6 
           9850      2.61895e+6 
           9870      2.59613e+6 
           9890      2.59361e+6 
           9910       2.5723e+6 
           9930      2.59262e+6 
           9950      2.57902e+6 
           9970      2.57569e+6 
           9990      2.56293e+6 
          10025      2.54068e+6 
          10075      2.50183e+6 
          10125      2.49887e+6 
          10175      2.45443e+6 
          10225      2.44731e+6 
          10275      2.44103e+6 
          10325      2.39554e+6 
          10375      2.37527e+6 
          10425      2.37185e+6 
          10475      2.33563e+6 
          10525      2.32896e+6 
          10575      2.29783e+6 
          10625      2.27635e+6 
          10675      2.22807e+6 
          10725      2.22772e+6 
          10775      2.19784e+6 
          10825      2.15122e+6 
          10875      2.13913e+6 
          10925      2.11344e+6 
          10975      2.03959e+6 
          11025      2.03672e+6 
          11075      2.04202e+6 
          11125      2.02191e+6 
          11175      2.01577e+6 
          11225      2.00775e+6 
          11275      1.96652e+6 
          11325      1.97419e+6 
          11375      1.94324e+6 
          11425      1.92728e+6 
          11475      1.94285e+6 
          11525      1.93088e+6 
          11575      1.90167e+6 
          11625      1.87235e+6 
          11675      1.86956e+6 
          11725      1.88045e+6 
          11775      1.83979e+6 
          11825      1.81723e+6 
          11875       1.8018e+6 
          11925      1.82524e+6 
          11975      1.74942e+6 
          12025       1.7706e+6 
          12075      1.74705e+6 
          12125      1.74889e+6 
          12175      1.75293e+6 
          12225      1.73867e+6 
          12275      1.71834e+6 
          12325      1.70812e+6 
          12375      1.69484e+6 
          12425      1.67605e+6 
          12475        1.674e+6 
          12525      1.65425e+6 
          12575      1.64478e+6 
          12625      1.63242e+6 
          12675      1.61166e+6 
          12725      1.61047e+6 
          12775       1.6022e+6 
          12825      1.52776e+6 
          12875      1.56698e+6 
          12925      1.54918e+6 
          12975      1.55304e+6 
          13025      1.53123e+6 
          13075       1.5316e+6 
          13125      1.50088e+6 
          13175      1.49055e+6 
          13225      1.49539e+6 
          13275      1.46726e+6 
          13325      1.46864e+6 
          13375      1.45593e+6 
          13425      1.45663e+6 
          13475      1.44361e+6 
          13525       1.4357e+6 
          13575      1.40834e+6 
          13625      1.40307e+6 
          13675      1.39636e+6 
          13725      1.39134e+6 
          13775      1.38019e+6 
          13825       1.3745e+6 
          13875      1.36283e+6 
          13925      1.35685e+6 
          13975      1.34614e+6 
          14025      1.32629e+6 
          14075      1.32017e+6 
          14125      1.29113e+6 
          14175      1.29571e+6 
          14225      1.26813e+6 
          14275      1.24517e+6 
          14325      1.26462e+6 
          14375      1.26694e+6 
          14425      1.22254e+6 
          14475      1.24836e+6 
          14525      1.21896e+6 
          14570      1.22028e+6 
          14620      1.21311e+6 
          14675      1.20411e+6 
          14725      1.18131e+6 
          14775      1.18111e+6 
          14825      1.17659e+6 
          14875      1.14787e+6 
          14925      1.17851e+6 
          14975      1.15994e+6 
          15025      1.12043e+6 
          15075      1.12206e+6 
          15125      1.13861e+6 
          15175      1.13902e+6 
          15225      1.11871e+6 
          15275      1.12403e+6 
          15325      1.11361e+6 
          15375      1.10939e+6 
          15425      1.10514e+6 
          15475      1.09774e+6 
          15525      1.07932e+6 
          15575      1.07096e+6 
          15625      1.08084e+6 
          15675      1.05051e+6 
          15725      1.05544e+6 
          15775      1.01095e+6 
          15825      1.02988e+6 
          15875          991054 
          15925      1.01137e+6 
          15975      1.01572e+6 
          16050      1.00401e+6 
          16150          980975 
          16250          980894 
          16350          957897 
          16450          932100 
          16550          933605 
          16650          915290 
          16750          886843 
          16850          858648 
          16950          869488 
          17050          839659 
          17150          825440 
          17250          803489 
          17350          767771 
          17450          772211 
          17550          763448 
          17650          748714 
          17750          731691 
          17850          722275 
          17950          708625 
          18050          691210 
          18150          663555 
          18250          660488 
          18350          651149 
          18450          632868 
          18550          626893 
          18650          608546 
          18750          578647 
          18850          589551 
          18950          565669 
          19050          571320 
          19150          558292 
          19250          549253 
          19350          533580 
          19450          510121 
          19550          518785 
          19650          507935 
          19750          495890 
          19850          490200 
          19950          481530 
          20050          476721 
          20150          470758 
          20250          457088 
          20350          446556 
          20450          445677 
          20550          435595 
          20650          425654 
          20750          420258 
          20850          412682 
          20950          402720 
          21050          400391 
          21150          392536 
          21250          385530 
          21350          380356 
          21450          374345 
          21550          367944 
          21650          350928 
          21750          352049 
          21850          347627 
          21950          344513 
          22050          334880 
          22150          333420 
          22250          326414 
          22350          321162 
          22450          316251 
          22550          310756 
          22650          304859 
          22750          302191 
          22850          294726 
          22950          280962 
          23050          283124 
          23150          279200 
          23250          263283 
          23350          266050 
          23450          265889 
          23550          248779 
          23650          254332 
          23750          250478 
          23850          236765 
          23950          241445 
          24050          239722 
          24150          227573 
          24250          229454 
          24350          227859 
          24450          220542 
          24550          216017 
          24650          218763 
          24750          212430 
          24850          206386 
          24950          208093 
          25050          206135 
          25150          199472 
          25250          199928 
          25350          197557 
          25450          192744 
          25550          190678 
          25650          188536 
          25750          187813 
          25850          180894 
          25950          181422 
          26050          179860 
          26150          176625 
          26250          170454 
          26350          171664 
          26450          169189 
          26550          166746 
          26650          163556 
          26750          163583 
          26850          162079 
          26950          159318 
          27050          157740 
          27150          155492 
          27250          153602 
          27350          151378 
          27450          149987 
          27550          147118 
          27650          145267 
          27750          143474 
          27850          141862 
          27950          140405 
          28050          138444 
          28150          136715 
          28250          134966 
          28350          133598 
          28450          131288 
          28550          129847 
          28650          128033 
          28750          125618 
          28850          124879 
          28950          123474 
          29050          121827 
          29150          120416 
          29250          118048 
          29350          117237 
          29450          115460 
          29550          114317 
          29650          112896 
          29750          111564 
          29850          110192 
          29950          108533 
          30050          107161 
          30150          106195 
          30250          104691 
          30350          102522 
          30450          101797 
          30550          100909 
          30650         99477.7 
          30750         98624.8 
          30850         96961.3 
          30950         95879.3 
          31050         95098.7 
          31150         93013.6 
          31250         92693.1 
          31350         91478.1 
          31450         90577.2 
          31550           89092 
          31650         88217.5 
          31750         87184.4 
          31850           86181 
          31950         85343.4 
          32100         83717.9 
          32300         81684.2 
          32500         79847.3 
          32700           77982 
          32900         75665.5 
          33100         74313.8 
          33300         72486.2 
          33500         71136.6 
          33700         69501.8 
          33900         67717.1 
          34100         66222.1 
          34300         65090.3 
          34500         63641.4 
          34700           62278 
          34900         60978.4 
          35100         59652.7 
          35300         58234.7 
          35500           57150 
          35700         55813.9 
          35900           54609 
          36100         53684.7 
          36300         52508.6 
          36500         51151.5 
          36700         50111.8 
          36900         48839.5 
          37100         47783.3 
          37300         47031.4 
          37500         45604.1 
          37700         45187.7 
          37900         44289.8 
          38100         43439.3 
          38300         42722.5 
          38500         41923.9 
          38700           40996 
          38900         40137.4 
          39100         39518.3 
          39300         38736.8 
          39500         37816.7 
          39700         37221.6 
          39900         36236.5 
          40100         35704.7 
          40300         35151.9 
          40500         34261.2 
          40700         33747.9 
          40900         33193.3 
          41100         32601.2 
          41300         32058.9 
          41500         31372.1 
          41700         30837.9 
          41900         30267.3 
          42100         29534.2 
          42300         29276.6 
          42500         28640.9 
          42700         28207.9 
          42900         26969.1 
          43100         26068.4 
          43300         26000.9 
          43500         24828.7 
          43700           24304 
          43900         24122.2 
          44100         22832.7 
          44300         22786.3 
          44500           22464 
          44700         21437.6 
          44900           21518 
          45100         21090.5 
          45300         20251.1 
          45500         20268.2 
          45700         20047.9 
          45900         19204.8 
          46100         19260.1 
          46300         18902.5 
          46500           18559 
          46700         18381.4 
          46900         18151.4 
          47100         17768.2 
          47300         17717.7 
          47500         17370.1 
          47700           17079 
          47900         16834.9 
          48100         16486.8 
          48300         16476.5 
          48500         16135.8 
          48700         15849.8 
          48900         15669.4 
          49100         15399.3 
          49300         15186.1 
          49500         14944.4 
          49700         14756.8 
          49900         14537.7 
          50100         14241.4 
          50300         14171.2 
          50500         13867.6 
          50700           13697 
          50900         13535.5 
          51100         13275.8 
          51300         13125.8 
          51500         12939.2 
          51700         12858.4 
          51900         12593.1 
          52100         12395.9 
          52300         12220.7 
          52500         12118.1 
          52700           12006 
          52900         11717.9 
          53100         11589.7 
          53300         11448.7 
          53500         11298.8 
          53700         11139.4 
          53900         11019.3 
          54100           10866 
          54300         10658.1 
          54500         10583.5 
          54700         10418.1 
          54900         10275.6 
          55100         10152.3 
          55300         10088.9 
          55500         9855.35 
          55700         9820.99 
          55900            9621 
          56100         9525.73 
          56300         9372.83 
          56500         9307.42 
          56700         9183.87 
          56900         9008.16 
          57100         8953.15 
          57300         8834.88 
          57500         8719.97 
          57700         8594.57 
          57900          8514.5 
          58100         8377.97 
          58300          8281.8 
          58500         8191.26 
          58700         8059.77 
          58900         7953.97 
          59100         7874.98 
          59300         7780.27 
          59500         7658.14 
          59700         7598.48 
          59900         7501.92 
          60100         7404.42 
          60300         7317.45 
          60500         7215.43 
          60700         7126.76 
          60900          7033.1 
          61100         6932.13 
          61300         6869.74 
          61500         6792.85 
          61700         6714.84 
          61900          6637.5 
          62100         6559.64 
          62300         6458.19 
          62500         6380.27 
          62700         6309.16 
          62900         6239.97 
          63100         6150.42 
          63300         6103.05 
          63500         6019.47 
          63700         5959.72 
          63900         5875.15 
          64200         5780.78 
          64600         5637.57 
          65000         5506.68 
          65400         5384.75 
          65800         5265.02 
          66200         5138.89 
          66600         5025.21 
          67000         4908.56 
          67400         4792.27 
          67800         4688.84 
          68200         4582.99 
          68600         4481.66 
          69000         4380.39 
          69400         4281.46 
          69800         4190.71 
          70200         4092.11 
          70600         4007.69 
          71000         3921.26 
          71400         3836.05 
          71800         3753.01 
          72200         3672.52 
          72600         3593.37 
          73000         3518.96 
          73400         3441.89 
          73800         3372.25 
          74200         3298.71 
          74600         3224.63 
          75000         3163.05 
          75400         3099.04 
          75800         3037.11 
          76200         2974.88 
          76600         2914.81 
          77000         2853.47 
          77400         2798.45 
          77800         2742.62 
          78200         2688.02 
          78600         2634.81 
          79000         2582.78 
          79400         2532.03 
          79800         2482.75 
          80200         2432.98 
          80600         2385.28 
          81000         2341.46 
          81400         2293.83 
          81800         2252.14 
          82200         2210.37 
          82600         2168.08 
          83000         2127.77 
          83400         2086.07 
          83800         2047.96 
          84200         2011.12 
          84600         1973.99 
          85000         1937.77 
          85400         1902.31 
          85800         1867.78 
          86200         1833.65 
          86600         1801.03 
          87000         1768.78 
          87400         1736.99 
          87800         1706.05 
          88200         1674.63 
          88600         1645.19 
          89000         1616.07 
          89400         1588.82 
          89800         1559.94 
          90200         1533.59 
          90600         1508.23 
          91000         1480.67 
          91400         1455.65 
          91800         1431.64 
          92200         1407.68 
          92600         1383.73 
          93000         1360.83 
          93400         1337.32 
          93800         1315.19 
          94200         1293.86 
          94600         1271.74 
          95000         1251.33 
          95400         1230.68 
          95800          1210.2 
          96200         1190.79 
          96600         1171.02 
          97000         1152.85 
          97400         1132.76 
          97800         1114.57 
          98200         1098.21 
          98600         1080.79 
          99000         1063.46 
          99400         1046.07 
          99800          1030.6 
         100200         1014.46 
         200000         65.5745 
         400000          4.1139 
         600000        0.808441 
         800000        0.254152 
         1.0e+6        0.103439 
         1.2e+6       0.0495845 
         1.4e+6       0.0266152 
         1.6e+6        0.015521 
