# Kurucz ODFNEW /NOVER models
# teff = 8000 K (value for the effective temperature for the model. Temperatures are given in K)
# logg = 1.5 log(cm/s2) (value for Log(G) for the model.)
# meta = 0  (value for the Metallicity for the model.)
# lh = 1.25  (l/Hp where l is the  mixing length of the convective element and Hp is the pressure scale height)
# vtur = 2.0 km/s (Microturbulence velocity)
#
# column 1: WAVELENGTH (ANGSTROM), Wavelength in Angstrom
# column 2: FLUX (ERG/CM2/S/A), Flux in erg/cm2/s/A
              0               0 
           90.9               0 
           93.5               0 
           96.1               0 
           97.7               0 
           99.6               0 
            102               0 
          103.8               0 
          105.6               0 
          107.7               0 
          110.4               0 
            114               0 
          117.8               0 
          121.3               0 
          124.8               0 
          127.1               0 
          128.4               0 
          130.5               0 
          132.4               0 
          133.9               0 
          136.6               0 
          139.8               0 
          143.3               0 
          147.2               0 
            151               0 
          155.2               0 
          158.8               0 
            162               0 
            166               0 
          170.3               0 
          173.4               0 
          176.8               0 
          180.2               0 
          181.7               0 
          186.1               0 
            191               0 
          193.9               0 
          198.4               0 
          201.8               0 
            205               0 
          210.5               0 
          216.2               0 
          219.8               0 
            223               0 
          226.8               0 
            230               0 
            234               0 
            240               0 
          246.5               0 
          252.4               0 
          256.8               0 
            260               0 
            264               0 
          268.5               0 
          273.5               0 
          278.5               0 
            284               0 
            290               0 
            296               0 
            301               0 
            308               0 
            318               0 
            328               0 
            338               0 
            348               0 
            357               0 
            366     1.37799e-23 
            375     1.34308e-22 
            385     1.06816e-21 
            395     7.50467e-21 
            405     4.76676e-20 
            414      2.3255e-19 
            422     8.97042e-19 
            430     3.28525e-18 
            441     1.80765e-17 
            451     7.90427e-17 
            460     2.81711e-16 
            470     1.08982e-15 
            480     3.97612e-15 
            490     1.37305e-14 
            500     4.50297e-14 
            506     8.53866e-14 
            512     1.72942e-13 
            520     4.19907e-13 
            530     1.20039e-12 
            540     3.29496e-12 
            550     8.70351e-12 
            560     2.21701e-11 
            570     5.45661e-11 
            580     1.27947e-10 
            590     3.00281e-10 
            600     6.73562e-10 
            610      1.46936e-9 
            620      3.12174e-9 
            630      6.46715e-9 
            640      1.30798e-8 
            650      2.58558e-8 
            658      4.39019e-8 
            665      6.90029e-8 
            675      1.29401e-7 
            685      2.37997e-7 
            695       4.2966e-7 
            705      7.61988e-7 
            716      1.40329e-6 
            726      2.40344e-6 
            735      3.84907e-6 
            745      6.40366e-6 
            755      1.05017e-5 
            765      1.67172e-5 
            775      1.30546e-6 
            785      1.96054e-6 
            795      2.88217e-6 
            805       4.2498e-6 
            815      6.18673e-6 
            825      8.88933e-6 
            835      1.26388e-5 
            845      1.78213e-5 
            855      2.48809e-5 
            865      3.44327e-5 
            875      4.70995e-5 
            885       6.4271e-5 
            895      8.67722e-5 
            905     0.000115578 
            915       0.0796456 
            925         0.25503 
            935        0.324007 
            945        0.428988 
            955        0.610599 
            965        0.796444 
            975        0.978816 
            985         1.25748 
            995           1.514 
           1005          2.0626 
           1015         2.58958 
           1025         3.10807 
           1035         3.94518 
           1045         4.96052 
           1055         6.11217 
           1065         7.25744 
           1075         9.04414 
           1085         10.9983 
           1095         12.9157 
           1105         39.0854 
           1115         124.035 
           1125         180.691 
           1135         243.384 
           1145         294.137 
           1155         316.797 
           1165         407.034 
           1175         443.414 
           1185         474.889 
           1195         168.431 
           1205         140.462 
           1215         31.3076 
           1225         161.246 
           1235         449.269 
           1245         1084.29 
           1255         2397.16 
           1265         2436.16 
           1275         4709.53 
           1285          7502.1 
           1295         9725.42 
           1305         6851.61 
           1315         14437.6 
           1325         20140.5 
           1335           20380 
           1345         33655.3 
           1355         36669.1 
           1365         38851.3 
           1375         45338.2 
           1385         50840.9 
           1395         60535.6 
           1405           73662 
           1415         72594.1 
           1425         93609.9 
           1435         89377.1 
           1442          107988 
           1447          131263 
           1455          187135 
           1465          196525 
           1475          209419 
           1485          250239 
           1495          293206 
           1505          318197 
           1512          280519 
           1517          338768 
           1525          374054 
           1535      1.82815e+6 
           1545      5.13356e+6 
           1555      4.17797e+6 
           1565      3.20736e+6 
           1575      5.15445e+6 
           1585      6.25988e+6 
           1595      8.28518e+6 
           1605       6.7024e+6 
           1615      5.84877e+6 
           1625      4.78933e+6 
           1635      5.36383e+6 
           1645      6.80253e+6 
           1655      4.05253e+6 
           1665      6.01782e+6 
           1672      1.42427e+6 
           1677      6.90881e+6 
           1685      9.51529e+6 
           1695      9.36441e+6 
           1705      7.86383e+6 
           1715      9.35745e+6 
           1725      9.77117e+6 
           1735      1.18565e+7 
           1745      1.06828e+7 
           1755      1.36845e+7 
           1765      1.02778e+7 
           1775      1.31196e+7 
           1785       1.1336e+7 
           1795      1.59191e+7 
           1805      1.37474e+7 
           1815      1.49733e+7 
           1825      1.29614e+7 
           1835      1.17084e+7 
           1845      1.08121e+7 
           1855      1.22423e+7 
           1865      1.30981e+7 
           1875       1.2888e+7 
           1885      1.31407e+7 
           1895      1.42456e+7 
           1905      1.27095e+7 
           1915      1.36496e+7 
           1925      1.42076e+7 
           1935       1.1428e+7 
           1945      1.49616e+7 
           1955      1.50918e+7 
           1967      1.63989e+7 
           1976      1.61428e+7 
           1984      1.54491e+7 
           1995      1.49754e+7 
           2005      1.41535e+7 
           2015      1.29297e+7 
           2025      1.25441e+7 
           2035       1.4145e+7 
           2045      1.56997e+7 
           2055      1.38202e+7 
           2065      1.31884e+7 
           2074      1.64189e+7 
           2078      1.71384e+7 
           2085      1.63267e+7 
           2095      1.53661e+7 
           2105      1.42053e+7 
           2115      1.42919e+7 
           2125      1.49003e+7 
           2135      1.10683e+7 
           2145      1.36412e+7 
           2155      1.42449e+7 
           2165      1.26935e+7 
           2175      1.26869e+7 
           2185      1.31171e+7 
           2195      1.45898e+7 
           2205      1.37968e+7 
           2215      1.15632e+7 
           2225      1.10265e+7 
           2235      1.39659e+7 
           2245      1.23102e+7 
           2255      1.08173e+7 
           2265      1.10584e+7 
           2275      1.25707e+7 
           2285      1.32756e+7 
           2295      1.20586e+7 
           2305      1.23463e+7 
           2315      1.14821e+7 
           2325      1.09229e+7 
           2335      8.10642e+6 
           2345       6.4944e+6 
           2355       1.0287e+7 
           2365      6.47063e+6 
           2375      8.63111e+6 
           2385      5.21972e+6 
           2395      6.93099e+6 
           2405      6.50091e+6 
           2415      7.91413e+6 
           2425      1.13609e+7 
           2435      1.08929e+7 
           2445      1.17846e+7 
           2455      1.15606e+7 
           2465      1.11285e+7 
           2475      1.05664e+7 
           2485       1.1149e+7 
           2495      1.06228e+7 
           2505      1.33647e+7 
           2513      1.04122e+7 
           2518      1.14017e+7 
           2525      9.50273e+6 
           2535      9.27138e+6 
           2545      9.33767e+6 
           2555      1.08494e+7 
           2565       9.7801e+6 
           2575      1.12684e+7 
           2585       1.0528e+7 
           2595      9.55304e+6 
           2605      8.53497e+6 
           2615      8.01144e+6 
           2625      1.01719e+7 
           2635      1.15343e+7 
           2645      1.58467e+7 
           2655       1.5812e+7 
           2665      1.30435e+7 
           2675      1.42618e+7 
           2685      1.37649e+7 
           2695      1.32553e+7 
           2705      1.39066e+7 
           2715      1.22925e+7 
           2725      1.25454e+7 
           2735      1.37482e+7 
           2745      8.65351e+6 
           2755      9.94238e+6 
           2765      1.10808e+7 
           2775      1.34017e+7 
           2785      1.15857e+7 
           2795      4.74928e+6 
           2805      6.18145e+6 
           2815      1.33002e+7 
           2825      1.54348e+7 
           2835      1.45152e+7 
           2845      1.39158e+7 
           2855      1.28003e+7 
           2865      1.49651e+7 
           2875      1.42532e+7 
           2885      1.47176e+7 
           2895      1.37243e+7 
           2910      1.65327e+7 
           2930      1.56197e+7 
           2950      1.55203e+7 
           2970      1.64963e+7 
           2990      1.67904e+7 
           3010      1.73997e+7 
           3030      1.71527e+7 
           3050       1.6986e+7 
           3070      1.70456e+7 
           3090      1.77414e+7 
           3110      1.69901e+7 
           3130       1.6869e+7 
           3150      1.77296e+7 
           3170      1.76419e+7 
           3190      1.64977e+7 
           3210      1.73472e+7 
           3230      1.67069e+7 
           3250      1.74243e+7 
           3270       1.7611e+7 
           3290      1.79109e+7 
           3310      1.83096e+7 
           3330       1.7812e+7 
           3350      1.75637e+7 
           3370      1.74143e+7 
           3390      1.76437e+7 
           3410      1.81971e+7 
           3430      1.84181e+7 
           3450      1.82828e+7 
           3470      1.79594e+7 
           3490      1.77523e+7 
           3510      1.84141e+7 
           3530       1.8629e+7 
           3550      1.89739e+7 
           3570       1.8223e+7 
           3590       1.8245e+7 
           3610      1.83421e+7 
           3630      1.85579e+7 
           3640      1.82127e+7 
           3650      1.89608e+7 
           3670      1.86716e+7 
           3690      1.98811e+7 
           3710      2.59262e+7 
           3730      3.62218e+7 
           3750      5.63496e+7 
           3770      5.77676e+7 
           3790      6.92739e+7 
           3810      7.64096e+7 
           3830      6.07077e+7 
           3850      7.87213e+7 
           3870      8.22388e+7 
           3890      5.80728e+7 
           3910      7.88151e+7 
           3930      6.34238e+7 
           3950      7.82314e+7 
           3970      5.06143e+7 
           3990      7.85141e+7 
           4010      7.85318e+7 
           4030      7.70212e+7 
           4050      7.64968e+7 
           4070      7.48234e+7 
           4090       7.1195e+7 
           4110      5.59116e+7 
           4130      7.25216e+7 
           4150      7.33622e+7 
           4170      7.09681e+7 
           4190      7.05861e+7 
           4210      6.99575e+7 
           4230      6.86744e+7 
           4250      6.80691e+7 
           4270      6.62655e+7 
           4290       6.6699e+7 
           4310      6.32952e+7 
           4330      5.77928e+7 
           4350      4.98963e+7 
           4370      6.40051e+7 
           4390      6.23403e+7 
           4410      6.08621e+7 
           4430      6.13213e+7 
           4450      6.12356e+7 
           4470      6.05059e+7 
           4490      5.97645e+7 
           4510      6.01653e+7 
           4530      5.82731e+7 
           4550      5.66956e+7 
           4570      5.82461e+7 
           4590      5.60711e+7 
           4610       5.7642e+7 
           4630      5.54967e+7 
           4650       5.6158e+7 
           4670      5.54016e+7 
           4690      5.42091e+7 
           4710      5.23878e+7 
           4730      5.37003e+7 
           4750      5.36014e+7 
           4770      5.26262e+7 
           4790      5.21006e+7 
           4810      5.13068e+7 
           4830      5.04209e+7 
           4850      4.46424e+7 
           4870      3.60021e+7 
           4890      4.84318e+7 
           4910      4.84615e+7 
           4930      4.73067e+7 
           4950      4.75708e+7 
           4970      4.76097e+7 
           4990      4.61983e+7 
           5010      4.45471e+7 
           5030       4.5075e+7 
           5050      4.45177e+7 
           5070      4.46157e+7 
           5090      4.41118e+7 
           5110      4.36501e+7 
           5130      4.27321e+7 
           5150       4.1976e+7 
           5170      4.09711e+7 
           5190      4.06072e+7 
           5210       4.0618e+7 
           5230      3.98052e+7 
           5250      4.02543e+7 
           5270       3.8529e+7 
           5290      3.94473e+7 
           5310      3.84076e+7 
           5330      3.78335e+7 
           5350      3.85266e+7 
           5370      3.78914e+7 
           5390      3.74006e+7 
           5410      3.67579e+7 
           5430       3.6435e+7 
           5450      3.65828e+7 
           5470      3.61559e+7 
           5490      3.59367e+7 
           5510      3.54343e+7 
           5530       3.5005e+7 
           5550      3.50062e+7 
           5570       3.4522e+7 
           5590      3.42249e+7 
           5610      3.39968e+7 
           5630      3.37081e+7 
           5650      3.31442e+7 
           5670      3.28171e+7 
           5690      3.27193e+7 
           5710      3.24318e+7 
           5730      3.22127e+7 
           5750      3.18203e+7 
           5770      3.15481e+7 
           5790      3.11775e+7 
           5810      3.09098e+7 
           5830      3.05971e+7 
           5850      3.03498e+7 
           5870      3.00503e+7 
           5890      2.93862e+7 
           5910      2.94627e+7 
           5930      2.91872e+7 
           5950      2.88295e+7 
           5970      2.86388e+7 
           5990      2.82285e+7 
           6010       2.7994e+7 
           6030        2.782e+7 
           6050      2.75231e+7 
           6070      2.73298e+7 
           6090      2.70256e+7 
           6110       2.6735e+7 
           6130      2.64174e+7 
           6150      2.57618e+7 
           6170      2.59276e+7 
           6190      2.58203e+7 
           6210      2.56093e+7 
           6230      2.52762e+7 
           6250      2.45949e+7 
           6270      2.49327e+7 
           6290      2.46982e+7 
           6310      2.42893e+7 
           6330      2.41971e+7 
           6350      2.37815e+7 
           6370      2.36008e+7 
           6390       2.3529e+7 
           6410      2.32027e+7 
           6430      2.30868e+7 
           6450      2.26197e+7 
           6470      2.27554e+7 
           6490      2.22692e+7 
           6510      2.21602e+7 
           6530      2.19363e+7 
           6550      2.01095e+7 
           6570      1.58565e+7 
           6590      2.10919e+7 
           6610      2.12404e+7 
           6630      2.11724e+7 
           6650      2.10291e+7 
           6670      2.08193e+7 
           6690       2.0669e+7 
           6710      2.04999e+7 
           6730      2.02867e+7 
           6750      2.01187e+7 
           6770      2.00025e+7 
           6790       1.9808e+7 
           6810      1.96594e+7 
           6830      1.94338e+7 
           6850      1.92988e+7 
           6870      1.91586e+7 
           6890      1.90023e+7 
           6910      1.88349e+7 
           6930      1.86651e+7 
           6950       1.8522e+7 
           6970      1.83531e+7 
           6990      1.82204e+7 
           7010      1.79648e+7 
           7030      1.78947e+7 
           7050      1.77532e+7 
           7070      1.76227e+7 
           7090      1.74845e+7 
           7110      1.70882e+7 
           7130      1.71288e+7 
           7150      1.70117e+7 
           7170      1.68884e+7 
           7190      1.67217e+7 
           7210      1.65979e+7 
           7230      1.64247e+7 
           7250       1.6317e+7 
           7270      1.62238e+7 
           7290      1.60463e+7 
           7310      1.58797e+7 
           7330       1.5798e+7 
           7350       1.5694e+7 
           7370      1.56041e+7 
           7390      1.54473e+7 
           7410      1.52845e+7 
           7430       1.5117e+7 
           7450      1.50299e+7 
           7470      1.48313e+7 
           7490      1.47791e+7 
           7510      1.46758e+7 
           7530      1.46125e+7 
           7550      1.45339e+7 
           7570      1.43947e+7 
           7590       1.4302e+7 
           7610      1.41963e+7 
           7630      1.40838e+7 
           7650      1.39356e+7 
           7670      1.38227e+7 
           7690        1.374e+7 
           7710      1.35852e+7 
           7730      1.35465e+7 
           7750      1.34371e+7 
           7770      1.30355e+7 
           7790      1.32461e+7 
           7810      1.31407e+7 
           7830      1.30091e+7 
           7850       1.2872e+7 
           7870      1.27677e+7 
           7890      1.26426e+7 
           7910      1.25974e+7 
           7930      1.25195e+7 
           7950      1.23702e+7 
           7970      1.23729e+7 
           7990       1.2128e+7 
           8010      1.21744e+7 
           8030       1.2073e+7 
           8050      1.19997e+7 
           8070      1.18992e+7 
           8090      1.18151e+7 
           8110      1.17374e+7 
           8130      1.16626e+7 
           8150      1.15766e+7 
           8170      1.14917e+7 
           8190      1.12801e+7 
           8210      1.12476e+7 
           8230      1.11668e+7 
           8250       1.1105e+7 
           8270      1.11422e+7 
           8290       1.1037e+7 
           8310      1.09354e+7 
           8330      1.07195e+7 
           8350       1.0752e+7 
           8370      1.05028e+7 
           8390       1.0479e+7 
           8410       1.0393e+7 
           8430      1.06258e+7 
           8450      1.04141e+7 
           8470      1.00383e+7 
           8490      1.10463e+7 
           8510      9.77509e+6 
           8530      1.12712e+7 
           8550       9.2489e+6 
           8570      1.15417e+7 
           8590      1.06962e+7 
           8610      1.03559e+7 
           8630      1.18522e+7 
           8650      1.15971e+7 
           8670      9.04327e+6 
           8690      1.15664e+7 
           8710      1.18813e+7 
           8730      1.16193e+7 
           8750      9.13698e+6 
           8770      1.12363e+7 
           8790      1.16075e+7 
           8810       1.1483e+7 
           8830      1.12441e+7 
           8850      1.06344e+7 
           8870      8.87275e+6 
           8890      1.10475e+7 
           8910       1.1045e+7 
           8930      1.09696e+7 
           8950      1.09968e+7 
           8970      1.08818e+7 
           8990      1.06796e+7 
           9010      8.74812e+6 
           9030      9.72494e+6 
           9050      1.05201e+7 
           9070      1.02484e+7 
           9090      1.01199e+7 
           9110       1.0273e+7 
           9130      1.02683e+7 
           9150      1.02464e+7 
           9170       1.0135e+7 
           9190      9.97272e+6 
           9210      9.65542e+6 
           9230      7.61794e+6 
           9250      9.33035e+6 
           9270        9.469e+6 
           9290      9.71465e+6 
           9310      9.67337e+6 
           9330      9.58781e+6 
           9350      9.54167e+6 
           9370      9.48423e+6 
           9390      9.34177e+6 
           9410      9.09363e+6 
           9430      9.21946e+6 
           9450      9.18894e+6 
           9470      9.13294e+6 
           9490      9.07607e+6 
           9510      8.96754e+6 
           9530      8.62008e+6 
           9550      6.93918e+6 
           9570      8.59547e+6 
           9590      8.73745e+6 
           9610      8.63747e+6 
           9630      8.49033e+6 
           9650       8.5729e+6 
           9670      8.43352e+6 
           9690      8.42483e+6 
           9710      8.43091e+6 
           9730      8.36445e+6 
           9750      8.27946e+6 
           9770      8.25781e+6 
           9790      8.19974e+6 
           9810      8.13502e+6 
           9830      8.06843e+6 
           9850      7.97745e+6 
           9870      7.94321e+6 
           9890      7.85141e+6 
           9910      7.84509e+6 
           9930      7.78141e+6 
           9950      7.74217e+6 
           9970      7.71417e+6 
           9990      7.65388e+6 
          10025      7.24442e+6 
          10075      6.87133e+6 
          10125      7.24278e+6 
          10175      7.18815e+6 
          10225      7.08991e+6 
          10275      6.98004e+6 
          10325      6.84297e+6 
          10375       6.7471e+6 
          10425       6.6437e+6 
          10475      6.47708e+6 
          10525      6.39493e+6 
          10575      6.31372e+6 
          10625      6.21539e+6 
          10675       6.0201e+6 
          10725       5.9903e+6 
          10775      5.91278e+6 
          10825      5.82551e+6 
          10875       5.7281e+6 
          10925      5.08997e+6 
          10975      5.45185e+6 
          11025      5.50509e+6 
          11075      5.42693e+6 
          11125      5.33535e+6 
          11175      5.25935e+6 
          11225      5.18449e+6 
          11275      5.02512e+6 
          11325      4.95707e+6 
          11375      4.93803e+6 
          11425      4.85073e+6 
          11475      4.81113e+6 
          11525      4.74368e+6 
          11575       4.6696e+6 
          11625      4.56011e+6 
          11675         4.47e+6 
          11725      4.47197e+6 
          11775      4.33653e+6 
          11825      4.30964e+6 
          11875      4.22905e+6 
          11925      4.22495e+6 
          11975      4.13246e+6 
          12025      4.09427e+6 
          12075      4.02864e+6 
          12125      3.97471e+6 
          12175      3.92944e+6 
          12225      3.87113e+6 
          12275      3.81015e+6 
          12325      3.76123e+6 
          12375      3.71392e+6 
          12425      3.66943e+6 
          12475      3.60716e+6 
          12525      3.56399e+6 
          12575      3.49354e+6 
          12625      3.45838e+6 
          12675      3.42504e+6 
          12725      3.38073e+6 
          12775       3.3107e+6 
          12825      2.95877e+6 
          12875      3.23104e+6 
          12925      3.20115e+6 
          12975      3.15972e+6 
          13025      3.12021e+6 
          13075      3.07986e+6 
          13125      3.03786e+6 
          13175      2.98727e+6 
          13225       2.9602e+6 
          13275      2.92169e+6 
          13325      2.88453e+6 
          13375      2.84721e+6 
          13425      2.80911e+6 
          13475      2.77295e+6 
          13525      2.73086e+6 
          13575      2.69729e+6 
          13625      2.66758e+6 
          13675      2.63039e+6 
          13725      2.58126e+6 
          13775      2.56434e+6 
          13825        2.534e+6 
          13875      2.50716e+6 
          13925      2.46917e+6 
          13975      2.44266e+6 
          14025       2.4134e+6 
          14075      2.38488e+6 
          14125      2.35348e+6 
          14175      2.32529e+6 
          14225      2.29631e+6 
          14275      2.26805e+6 
          14325      2.24123e+6 
          14375      2.21545e+6 
          14425      2.15667e+6 
          14475      2.16086e+6 
          14525       2.1194e+6 
          14570      2.11147e+6 
          14620      2.08296e+6 
          14675      2.06317e+6 
          14725      2.03633e+6 
          14775      2.00566e+6 
          14825      1.98735e+6 
          14875      1.95665e+6 
          14925      1.94525e+6 
          14975      1.91901e+6 
          15025       1.8844e+6 
          15075      1.86413e+6 
          15125      1.84474e+6 
          15175      1.82443e+6 
          15225      1.82758e+6 
          15275      1.76832e+6 
          15325      1.75279e+6 
          15375      1.77313e+6 
          15425      1.69245e+6 
          15475       1.7432e+6 
          15525      1.73496e+6 
          15575      1.62491e+6 
          15625       1.7207e+6 
          15675      1.66573e+6 
          15725      1.58218e+6 
          15775      1.67011e+6 
          15825      1.65973e+6 
          15875      1.49547e+6 
          15925      1.61607e+6 
          15975      1.62059e+6 
          16050      1.58193e+6 
          16150      1.48585e+6 
          16250      1.53381e+6 
          16350      1.48129e+6 
          16450      1.39081e+6 
          16550       1.4347e+6 
          16650      1.40366e+6 
          16750      1.35633e+6 
          16850      1.27481e+6 
          16950      1.31533e+6 
          17050       1.2848e+6 
          17150      1.26061e+6 
          17250      1.22852e+6 
          17350      1.13374e+6 
          17450      1.17233e+6 
          17550      1.15393e+6 
          17650      1.12972e+6 
          17750      1.10928e+6 
          17850      1.08588e+6 
          17950      1.06732e+6 
          18050       1.0411e+6 
          18150          969322 
          18250          994088 
          18350          983283 
          18450          964417 
          18550          943330 
          18650          925507 
          18750          854346 
          18850          887173 
          18950          870702 
          19050          858159 
          19150          841670 
          19250          825425 
          19350          808684 
          19450          750647 
          19550          778747 
          19650          765457 
          19750          750135 
          19850          737394 
          19950          723858 
          20050          710742 
          20150          697896 
          20250          684993 
          20350          672473 
          20450          660842 
          20550          648985 
          20650          636864 
          20750          625817 
          20850          614955 
          20950          604070 
          21050          593268 
          21150          581834 
          21250          571842 
          21350          562060 
          21450          553465 
          21550          543653 
          21650          506275 
          21750          524025 
          21850          516761 
          21950          508388 
          22050          499379 
          22150          490326 
          22250          483364 
          22350          475345 
          22450          467547 
          22550          459111 
          22650          452234 
          22750          444895 
          22850          437952 
          22950          430718 
          23050          424230 
          23150          417437 
          23250          410967 
          23350          404417 
          23450          398028 
          23550          391748 
          23650          385470 
          23750          379486 
          23850          373424 
          23950          367489 
          24050          361208 
          24150          354999 
          24250          352346 
          24350          344102 
          24450          338166 
          24550          336607 
          24650          329169 
          24750          324423 
          24850          323377 
          24950          309032 
          25050          314614 
          25150          310165 
          25250          294317 
          25350          301127 
          25450          297509 
          25550          292455 
          25650          275950 
          25750          284567 
          25850          280796 
          25950          277411 
          26050          271804 
          26150          256111 
          26250          250429 
          26350          261163 
          26450          258950 
          26550          255143 
          26650          250532 
          26750          234458 
          26850          243971 
          26950          241380 
          27050          237854 
          27150          234755 
          27250          231504 
          27350          228298 
          27450          225043 
          27550          211301 
          27650          216142 
          27750          216084 
          27850          213194 
          27950          210340 
          28050          207507 
          28150          204709 
          28250          201969 
          28350          199319 
          28450          196533 
          28550          194059 
          28650          190242 
          28750          179080 
          28850          186224 
          28950          183888 
          29050          181695 
          29150          179081 
          29250          176978 
          29350          174742 
          29450          172497 
          29550          170305 
          29650          168129 
          29750          165988 
          29850          163897 
          29950          161800 
          30050          159745 
          30150          157721 
          30250          155701 
          30350          147658 
          30450          149225 
          30550          149989 
          30650          148186 
          30750          146351 
          30850          144359 
          30950          142743 
          31050          140977 
          31150          139146 
          31250          137532 
          31350          135900 
          31450          134203 
          31550          132722 
          31650          131162 
          31750          129504 
          31850          128054 
          31950          126519 
          32100          124275 
          32300          121390 
          32500          118563 
          32700          115807 
          32900          109559 
          33100          109714 
          33300          107628 
          33500          105276 
          33700          102783 
          33900          100548 
          34100         98341.8 
          34300         96243.9 
          34500         94191.2 
          34700         92135.5 
          34900         90129.9 
          35100         88206.7 
          35300           86312 
          35500         84388.9 
          35700         82497.2 
          35900         81156.5 
          36100           78959 
          36300           77854 
          36500           75575 
          36700         74717.3 
          36900         72235.6 
          37100         71661.5 
          37300         69419.3 
          37500         66542.8 
          37700           67453 
          37900         66176.5 
          38100         64017.4 
          38300           63109 
          38500         62371.2 
          38700         61091.7 
          38900         59865.3 
          39100         57383.9 
          39300           57699 
          39500         56655.1 
          39700         55595.6 
          39900           54448 
          40100         52903.5 
          40300         51405.4 
          40500         50058.4 
          40700         50477.3 
          40900         49532.3 
          41100           48650 
          41300         47744.6 
          41500         46828.5 
          41700         44649.3 
          41900         45110.4 
          42100         44300.3 
          42300         43537.1 
          42500         42748.6 
          42700         41983.2 
          42900         41232.6 
          43100           40496 
          43300           39775 
          43500         39073.8 
          43700         37369.4 
          43900         37565.2 
          44100         37047.2 
          44300         36411.9 
          44500         35781.1 
          44700           35243 
          44900         34557.7 
          45100         33977.9 
          45300         33397.5 
          45500           32839 
          45700         32279.9 
          45900         31734.5 
          46100         31213.2 
          46300         30671.8 
          46500         29310.8 
          46700         28790.8 
          46900           29147 
          47100         28721.6 
          47300         28262.1 
          47500         27790.8 
          47700         27346.3 
          47900         26911.5 
          48100         26478.1 
          48300         26068.8 
          48500         25633.2 
          48700           25250 
          48900           24828 
          49100         24460.5 
          49300         24040.8 
          49500         23719.3 
          49700           23271 
          49900         22989.5 
          50100         22632.2 
          50300         22187.6 
          50500         21957.5 
          50700           21622 
          50900         21148.5 
          51100         20937.1 
          51300           20057 
          51500         20326.2 
          51700         19860.6 
          51900         19748.3 
          52100         19463.8 
          52300         19176.1 
          52500         18855.3 
          52700         18407.3 
          52900         18359.9 
          53100         18112.3 
          53300         17849.3 
          53500         17585.8 
          53700         17145.4 
          53900         16925.1 
          54100         16841.4 
          54300           16600 
          54500         16365.5 
          54700         16131.4 
          54900         15906.6 
          55100         15637.5 
          55300         15143.9 
          55500         15241.7 
          55700         15030.4 
          55900         14816.9 
          56100         14618.1 
          56300         14419.4 
          56500         14220.7 
          56700         14025.6 
          56900           13826 
          57100         13305.2 
          57300           13442 
          57500         13281.4 
          57700         13101.2 
          57900         12924.4 
          58100         12754.1 
          58300         12574.7 
          58500         12410.7 
          58700         12244.3 
          58900         12060.3 
          59100         11574.3 
          59300         11751.4 
          59500         11326.6 
          59700           11401 
          59900         11315.5 
          60100         11172.5 
          60300         11031.2 
          60500         10889.5 
          60700         10749.3 
          60900         10611.8 
          61100         10474.8 
          61300         10345.4 
          61500         10214.5 
          61700           10086 
          61900         9959.02 
          62100         9834.39 
          62300         9709.23 
          62500         9587.78 
          62700         9458.09 
          62900         9079.24 
          63100         9215.29 
          63300         9122.26 
          63500         9010.05 
          63700         8904.17 
          63900         8792.22 
          64200         8635.94 
          64600         8426.87 
          65000         8223.43 
          65400         8040.94 
          65800         7843.26 
          66200         7660.12 
          66600         7485.85 
          67000         7314.64 
          67400          7125.5 
          67800         6866.12 
          68200          6801.3 
          68600         6671.85 
          69000         6522.01 
          69400         6348.02 
          69800         6232.63 
          70200         6096.22 
          70600         5959.84 
          71000         5799.61 
          71400          5703.7 
          71800         5580.19 
          72200         5457.51 
          72600         5305.85 
          73000         5225.65 
          73400         5118.09 
          73800         5005.75 
          74200         4891.59 
          74600          4710.1 
          75000         4541.74 
          75400         4589.82 
          75800         4501.17 
          76200         4410.19 
          76600         4325.86 
          77000         4240.23 
          77400         4149.16 
          77800         4020.46 
          78200         3986.85 
          78600         3912.53 
          79000         3835.57 
          79400         3759.91 
          79800         3686.34 
          80200         3614.24 
          80600          3544.3 
          81000         3475.31 
          81400         3363.76 
          81800         3333.87 
          82200         3280.69 
          82600         3219.08 
          83000         3157.44 
          83400         3098.53 
          83800         3038.94 
          84200         2984.29 
          84600         2929.56 
          85000         2873.84 
          85400         2823.38 
          85800         2768.76 
          86200         2720.66 
          86600         2626.87 
          87000         2620.34 
          87400         2550.69 
          87800         2507.86 
          88200         2486.57 
          88600         2437.86 
          89000         2399.69 
          89400          2357.9 
          89800         2316.62 
          90200         2275.56 
          90600         2231.74 
          91000         2198.51 
          91400         2160.82 
          91800         2124.01 
          92200         2087.28 
          92600         2042.57 
          93000         2017.37 
          93400         1983.55 
          93800         1917.04 
          94200         1912.85 
          94600         1886.69 
          95000          1850.8 
          95400         1817.47 
          95800         1795.31 
          96200         1765.92 
          96600         1737.35 
          97000         1709.28 
          97400         1681.57 
          97800         1654.65 
          98200         1625.65 
          98600         1591.29 
          99000         1576.96 
          99400         1551.97 
          99800         1527.49 
         100200         1503.54 
         200000         96.6219 
         400000         6.02016 
         600000         1.17927 
         800000        0.370214 
         1.0e+6        0.150583 
         1.2e+6       0.0721777 
         1.4e+6       0.0387533 
         1.6e+6       0.0226082 
