# Kurucz ODFNEW /NOVER models
# teff = 4250 K (value for the effective temperature for the model. Temperatures are given in K)
# logg = 4 log(cm/s2) (value for Log(G) for the model.)
# meta = 0  (value for the Metallicity for the model.)
# lh = 1.25  (l/Hp where l is the  mixing length of the convective element and Hp is the pressure scale height)
# vtur = 2.0 km/s (Microturbulence velocity)
#
# column 1: WAVELENGTH (ANGSTROM), Wavelength in Angstrom
# column 2: FLUX (ERG/CM2/S/A), Flux in erg/cm2/s/A
              0               0 
           90.9               0 
           93.5               0 
           96.1               0 
           97.7               0 
           99.6               0 
            102               0 
          103.8               0 
          105.6               0 
          107.7               0 
          110.4               0 
            114               0 
          117.8               0 
          121.3               0 
          124.8               0 
          127.1               0 
          128.4               0 
          130.5               0 
          132.4               0 
          133.9               0 
          136.6               0 
          139.8               0 
          143.3               0 
          147.2               0 
            151               0 
          155.2               0 
          158.8               0 
            162               0 
            166               0 
          170.3               0 
          173.4               0 
          176.8               0 
          180.2               0 
          181.7               0 
          186.1               0 
            191               0 
          193.9               0 
          198.4               0 
          201.8               0 
            205               0 
          210.5               0 
          216.2               0 
          219.8               0 
            223               0 
          226.8               0 
            230               0 
            234               0 
            240               0 
          246.5               0 
          252.4               0 
          256.8               0 
            260               0 
            264               0 
          268.5               0 
          273.5               0 
          278.5               0 
            284               0 
            290               0 
            296               0 
            301               0 
            308               0 
            318               0 
            328               0 
            338               0 
            348               0 
            357               0 
            366               0 
            375               0 
            385               0 
            395               0 
            405               0 
            414               0 
            422               0 
            430               0 
            441               0 
            451               0 
            460               0 
            470               0 
            480               0 
            490               0 
            500               0 
            506               0 
            512               0 
            520               0 
            530               0 
            540               0 
            550               0 
            560               0 
            570               0 
            580               0 
            590               0 
            600               0 
            610               0 
            620               0 
            630               0 
            640               0 
            650               0 
            658               0 
            665               0 
            675     4.06144e-25 
            685     1.16682e-24 
            695     3.24462e-24 
            705     8.73334e-24 
            716     2.51815e-23 
            726      6.3917e-23 
            735     1.44465e-22 
            745     3.48809e-22 
            755     8.21632e-22 
            765     1.89027e-21 
            775     4.24773e-21 
            785     9.34267e-21 
            795     2.00094e-20 
            805     4.23382e-20 
            815     8.77019e-20 
            825     1.78035e-19 
            835     3.54894e-19 
            845     6.94976e-19 
            855     1.33727e-18 
            865     2.53038e-18 
            875     4.70788e-18 
            885     8.64547e-18 
            895     1.56374e-17 
            905     2.78234e-17 
            915     1.34583e-12 
            925     5.41125e-12 
            935      8.0041e-12 
            945     1.04617e-11 
            955     1.54645e-11 
            965     2.85376e-11 
            975      2.7807e-11 
            985     5.74867e-11 
            995     8.87766e-11 
           1005     1.09682e-10 
           1015     1.47141e-10 
           1025     1.90469e-10 
           1035     4.32322e-10 
           1045     6.04274e-10 
           1055     7.10457e-10 
           1065       1.5689e-9 
           1075      2.02438e-9 
           1085      3.46896e-9 
           1095      4.33782e-9 
           1105      5.92297e-9 
           1115      7.45536e-9 
           1125      1.51746e-8 
           1135      2.45572e-8 
           1145       3.7135e-8 
           1155      5.11089e-8 
           1165      6.40336e-8 
           1175      9.40962e-8 
           1185       1.1768e-7 
           1195      1.24092e-7 
           1205      9.17734e-8 
           1215      2.70536e-8 
           1225        1.394e-7 
           1235      4.11033e-7 
           1245       6.5567e-7 
           1255        8.762e-7 
           1265      1.12325e-6 
           1275      1.47652e-6 
           1285      1.55666e-6 
           1295      2.00302e-6 
           1305      2.45568e-6 
           1315      3.17489e-6 
           1325      3.59859e-6 
           1335      4.11477e-6 
           1345      5.44243e-6 
           1355      7.13008e-6 
           1365      8.12854e-6 
           1375      9.39681e-6 
           1385      1.12022e-5 
           1395      1.35393e-5 
           1405      1.83674e-5 
           1415      2.33859e-5 
           1425      2.71255e-5 
           1435      3.66041e-5 
           1442      4.98903e-5 
           1447      4.52333e-5 
           1455      5.34713e-5 
           1465      7.50608e-5 
           1475      7.65937e-5 
           1485      9.71028e-5 
           1495     0.000139535 
           1505     0.000192555 
           1512      0.00013713 
           1517     0.000203992 
           1525     0.000304625 
           1535     0.000866046 
           1545     0.000729149 
           1555      0.00119808 
           1565       0.0010785 
           1575      0.00231448 
           1585      0.00229272 
           1595      0.00216988 
           1605      0.00220874 
           1615      0.00220573 
           1625      0.00214343 
           1635      0.00291339 
           1645      0.00397261 
           1655      0.00319675 
           1665      0.00533073 
           1672      0.00428427 
           1677      0.00696133 
           1685       0.0096383 
           1695       0.0136057 
           1705       0.0147814 
           1715       0.0159519 
           1725       0.0222864 
           1735       0.0252966 
           1745       0.0358021 
           1755        0.035761 
           1765       0.0460835 
           1775       0.0410149 
           1785       0.0820211 
           1795       0.0640692 
           1805        0.119575 
           1815       0.0812282 
           1825        0.134217 
           1835        0.116513 
           1845        0.175061 
           1855        0.130108 
           1865        0.234905 
           1875        0.214596 
           1885        0.276163 
           1895         0.34069 
           1905         0.35583 
           1915        0.514147 
           1925        0.429279 
           1935        0.310501 
           1945        0.606318 
           1955        0.867884 
           1967        0.924179 
           1976         1.07136 
           1984         1.38212 
           1995         1.21443 
           2005         1.44038 
           2015         1.62653 
           2025         1.50816 
           2035         1.89228 
           2045         1.96417 
           2055         2.35448 
           2065           2.213 
           2074         1.99301 
           2078         2.75597 
           2085         3.34221 
           2095         4.68836 
           2105         5.00935 
           2115         4.91672 
           2125          5.7201 
           2135         7.38827 
           2145         5.56355 
           2155         7.03412 
           2165         6.86087 
           2175         7.45731 
           2185         6.86621 
           2195         11.9024 
           2205         9.68165 
           2215         11.9549 
           2225         10.3865 
           2235         18.0717 
           2245         20.0743 
           2255         25.0048 
           2265         12.8523 
           2275         26.3592 
           2285          24.419 
           2295           40.82 
           2305         15.1677 
           2315         53.3894 
           2325         39.4764 
           2335          63.645 
           2345         38.2991 
           2355         32.8486 
           2365          45.424 
           2375         43.5449 
           2385          77.383 
           2395         71.6678 
           2405         129.439 
           2415         76.7577 
           2425         100.521 
           2435         145.934 
           2445         203.136 
           2455         233.588 
           2465         146.768 
           2475         266.692 
           2485         97.0983 
           2495         112.286 
           2505         229.207 
           2513         159.487 
           2518         171.897 
           2525         209.223 
           2535         449.629 
           2545         560.363 
           2555          618.07 
           2565         339.875 
           2575         552.718 
           2585         406.018 
           2595         500.468 
           2605         685.119 
           2615          615.21 
           2625         951.146 
           2635         1557.39 
           2645         1230.45 
           2655         1914.86 
           2665         1457.38 
           2675          1315.2 
           2685         1764.87 
           2695         1155.97 
           2705         2044.39 
           2715         1834.58 
           2725         1561.13 
           2735         1659.53 
           2745         2264.67 
           2755         2210.29 
           2765         3083.52 
           2775         4000.94 
           2785          2595.9 
           2795         2955.58 
           2805         3092.78 
           2815         3635.97 
           2825         3803.59 
           2835          3331.5 
           2845         2513.25 
           2855         1225.31 
           2865         3724.14 
           2875         4195.99 
           2885         5994.56 
           2895         6991.58 
           2910         8886.06 
           2930         10008.4 
           2950         9592.19 
           2970         9624.87 
           2990         10975.2 
           3010         11293.1 
           3030           14881 
           3050         16916.3 
           3070         23545.4 
           3090         21058.9 
           3110         40079.9 
           3130         35992.5 
           3150         57497.8 
           3170         81165.2 
           3190         59774.1 
           3210         68687.5 
           3230         60946.3 
           3250          107193 
           3270          154499 
           3290          182614 
           3310          136524 
           3330          143773 
           3350          125112 
           3370         70181.7 
           3390         89785.7 
           3410          104258 
           3430          122373 
           3450          109213 
           3470          108508 
           3490          156889 
           3510          208010 
           3530          192119 
           3550          269398 
           3570          114134 
           3590          108572 
           3610          173693 
           3630          225474 
           3640          248675 
           3650          304607 
           3670          377349 
           3690          290348 
           3710          231029 
           3730         95500.7 
           3750          122574 
           3770          283272 
           3790          306727 
           3810          261083 
           3830          114227 
           3850          176627 
           3870          167863 
           3890          207589 
           3910          306376 
           3930          107724 
           3950          220878 
           3970          152221 
           3990          503945 
           4010          661360 
           4030          527185 
           4050          550632 
           4070          497859 
           4090          722602 
           4110          510831 
           4130          550644 
           4150          507746 
           4170          506700 
           4190          534728 
           4210          491210 
           4230          333801 
           4250          546204 
           4270          512007 
           4290          493162 
           4310          524553 
           4330          778903 
           4350          818343 
           4370          874806 
           4390          732423 
           4410          785747 
           4430          844303 
           4450          885452 
           4470          992559 
           4490      1.03985e+6 
           4510      1.23502e+6 
           4530          996915 
           4550        1.112e+6 
           4570      1.21301e+6 
           4590      1.16316e+6 
           4610      1.20987e+6 
           4630      1.19874e+6 
           4650      1.16344e+6 
           4670      1.27029e+6 
           4690      1.23007e+6 
           4710       1.1532e+6 
           4730      1.15663e+6 
           4750      1.14698e+6 
           4770      1.01494e+6 
           4790      1.06631e+6 
           4810      1.21779e+6 
           4830      1.23309e+6 
           4850      1.26952e+6 
           4870      1.19845e+6 
           4890      1.26001e+6 
           4910        1.267e+6 
           4930       1.1793e+6 
           4950      1.19353e+6 
           4970      1.12056e+6 
           4990      1.00614e+6 
           5010          874357 
           5030          959453 
           5050          892245 
           5070          875856 
           5090          826498 
           5110          849660 
           5130          807146 
           5150          757707 
           5170          688503 
           5190          756143 
           5210          892692 
           5230      1.28456e+6 
           5250      1.37448e+6 
           5270      1.15757e+6 
           5290      1.41435e+6 
           5310      1.55149e+6 
           5330      1.32476e+6 
           5350      1.45059e+6 
           5370      1.45117e+6 
           5390      1.40087e+6 
           5410      1.38615e+6 
           5430      1.38912e+6 
           5450      1.41484e+6 
           5470      1.43297e+6 
           5490      1.44667e+6 
           5510       1.3976e+6 
           5530       1.5102e+6 
           5550      1.54863e+6 
           5570      1.49636e+6 
           5590      1.40225e+6 
           5610      1.48994e+6 
           5630      1.53773e+6 
           5650      1.58292e+6 
           5670      1.53791e+6 
           5690      1.58111e+6 
           5710      1.50823e+6 
           5730      1.65113e+6 
           5750      1.63659e+6 
           5770      1.64993e+6 
           5790      1.56551e+6 
           5810      1.64805e+6 
           5830      1.70061e+6 
           5850      1.62581e+6 
           5870      1.60305e+6 
           5890          972827 
           5910      1.51369e+6 
           5930      1.60302e+6 
           5950      1.61014e+6 
           5970      1.64948e+6 
           5990      1.63669e+6 
           6010      1.61873e+6 
           6030      1.66458e+6 
           6050      1.69579e+6 
           6070      1.68259e+6 
           6090      1.63651e+6 
           6110      1.63903e+6 
           6130      1.52248e+6 
           6150      1.61519e+6 
           6170      1.42918e+6 
           6190      1.60372e+6 
           6210      1.58384e+6 
           6230       1.5303e+6 
           6250      1.48561e+6 
           6270      1.55712e+6 
           6290      1.60579e+6 
           6310      1.57122e+6 
           6330      1.60136e+6 
           6350      1.61866e+6 
           6370      1.61009e+6 
           6390      1.64607e+6 
           6410      1.61152e+6 
           6430      1.60789e+6 
           6450      1.57248e+6 
           6470       1.5787e+6 
           6490      1.55915e+6 
           6510      1.62621e+6 
           6530      1.66177e+6 
           6550      1.62678e+6 
           6570      1.61489e+6 
           6590      1.63841e+6 
           6610      1.64619e+6 
           6630      1.64338e+6 
           6650      1.63113e+6 
           6670      1.60129e+6 
           6690      1.60974e+6 
           6710       1.5646e+6 
           6730      1.59657e+6 
           6750      1.56844e+6 
           6770      1.59913e+6 
           6790      1.57494e+6 
           6810      1.58755e+6 
           6830      1.61687e+6 
           6850      1.59114e+6 
           6870      1.60001e+6 
           6890      1.61581e+6 
           6910      1.62186e+6 
           6930      1.60992e+6 
           6950      1.61128e+6 
           6970       1.6333e+6 
           6990      1.60615e+6 
           7010      1.60053e+6 
           7030      1.62208e+6 
           7050      1.61592e+6 
           7070       1.5538e+6 
           7090      1.52969e+6 
           7110      1.53488e+6 
           7130      1.48382e+6 
           7150      1.45696e+6 
           7170      1.51377e+6 
           7190      1.49465e+6 
           7210      1.49905e+6 
           7230       1.5593e+6 
           7250      1.55107e+6 
           7270      1.57292e+6 
           7290      1.56174e+6 
           7310      1.57387e+6 
           7330      1.55596e+6 
           7350      1.55894e+6 
           7370      1.58621e+6 
           7390      1.56991e+6 
           7410      1.55685e+6 
           7430       1.5753e+6 
           7450      1.56794e+6 
           7470       1.5765e+6 
           7490      1.57031e+6 
           7510       1.5816e+6 
           7530      1.58942e+6 
           7550      1.59085e+6 
           7570      1.58174e+6 
           7590      1.56681e+6 
           7610      1.56125e+6 
           7630      1.56718e+6 
           7650      1.56293e+6 
           7670       1.4853e+6 
           7690      1.54531e+6 
           7710       1.5079e+6 
           7730      1.53446e+6 
           7750      1.51602e+6 
           7770      1.54641e+6 
           7790      1.53979e+6 
           7810      1.54167e+6 
           7830      1.52127e+6 
           7850      1.52215e+6 
           7870      1.54088e+6 
           7890      1.52733e+6 
           7910      1.50468e+6 
           7930      1.49596e+6 
           7950      1.47575e+6 
           7970      1.52012e+6 
           7990      1.50751e+6 
           8010      1.50375e+6 
           8030      1.50445e+6 
           8050       1.4932e+6 
           8070      1.48864e+6 
           8090      1.47859e+6 
           8110      1.48305e+6 
           8130      1.49673e+6 
           8150      1.49416e+6 
           8170      1.48967e+6 
           8190      1.40973e+6 
           8210      1.44898e+6 
           8230       1.4623e+6 
           8250      1.46519e+6 
           8270      1.48146e+6 
           8290      1.47093e+6 
           8310      1.43794e+6 
           8330      1.41954e+6 
           8350      1.43495e+6 
           8370      1.43708e+6 
           8390      1.36211e+6 
           8410      1.43458e+6 
           8430       1.3825e+6 
           8450      1.42598e+6 
           8470      1.41464e+6 
           8490      1.41044e+6 
           8510      1.34919e+6 
           8530      1.39377e+6 
           8550      1.21951e+6 
           8570      1.42726e+6 
           8590      1.41501e+6 
           8610      1.40987e+6 
           8630      1.41634e+6 
           8650      1.40954e+6 
           8670      1.22458e+6 
           8690      1.34352e+6 
           8710      1.40315e+6 
           8730      1.39802e+6 
           8750      1.39778e+6 
           8770      1.39303e+6 
           8790      1.39762e+6 
           8810      1.34905e+6 
           8830      1.36537e+6 
           8850      1.38672e+6 
           8870      1.36304e+6 
           8890       1.3819e+6 
           8910      1.38377e+6 
           8930      1.36194e+6 
           8950      1.35384e+6 
           8970      1.35834e+6 
           8990      1.36414e+6 
           9010      1.31187e+6 
           9030      1.34705e+6 
           9050      1.36884e+6 
           9070      1.36473e+6 
           9090      1.32353e+6 
           9110      1.32949e+6 
           9130      1.34848e+6 
           9150      1.32675e+6 
           9170      1.31622e+6 
           9190      1.32245e+6 
           9210      1.30002e+6 
           9230      1.30982e+6 
           9250       1.2925e+6 
           9270      1.30196e+6 
           9290      1.29156e+6 
           9310      1.30997e+6 
           9330      1.30721e+6 
           9350      1.29951e+6 
           9370      1.28513e+6 
           9390      1.29133e+6 
           9410      1.26525e+6 
           9430      1.28213e+6 
           9450      1.25777e+6 
           9470      1.28137e+6 
           9490      1.28204e+6 
           9510      1.28007e+6 
           9530      1.27146e+6 
           9550        1.254e+6 
           9570       1.2588e+6 
           9590        1.274e+6 
           9610      1.25442e+6 
           9630      1.26067e+6 
           9650      1.21754e+6 
           9670      1.22138e+6 
           9690      1.24603e+6 
           9710      1.23355e+6 
           9730      1.22204e+6 
           9750      1.22444e+6 
           9770       1.2306e+6 
           9790      1.20026e+6 
           9810       1.2409e+6 
           9830      1.22533e+6 
           9850      1.23912e+6 
           9870      1.23244e+6 
           9890      1.23193e+6 
           9910      1.22612e+6 
           9930      1.22714e+6 
           9950       1.2235e+6 
           9970      1.22379e+6 
           9990      1.22184e+6 
          10025       1.2113e+6 
          10075      1.20191e+6 
          10125      1.20116e+6 
          10175      1.18884e+6 
          10225      1.18477e+6 
          10275      1.18451e+6 
          10325      1.16441e+6 
          10375      1.15909e+6 
          10425      1.16277e+6 
          10475      1.14902e+6 
          10525       1.1502e+6 
          10575      1.13537e+6 
          10625      1.13219e+6 
          10675      1.11509e+6 
          10725      1.11301e+6 
          10775      1.10488e+6 
          10825      1.08186e+6 
          10875      1.08659e+6 
          10925      1.08364e+6 
          10975      1.05162e+6 
          11025      1.04814e+6 
          11075      1.05139e+6 
          11125      1.04467e+6 
          11175       1.0417e+6 
          11225      1.04085e+6 
          11275      1.02156e+6 
          11325      1.02778e+6 
          11375       1.0104e+6 
          11425      1.00308e+6 
          11475      1.01744e+6 
          11525      1.01692e+6 
          11575      1.00498e+6 
          11625          987205 
          11675          990598 
          11725          999925 
          11775          979305 
          11825          968507 
          11875          961704 
          11925          980651 
          11975          939247 
          12025          960475 
          12075          948741 
          12125          956305 
          12175          956983 
          12225          951994 
          12275          944352 
          12325          940029 
          12375          937172 
          12425          927864 
          12475          929737 
          12525          920048 
          12575          920537 
          12625          915054 
          12675          905904 
          12725          907616 
          12775          906896 
          12825          880233 
          12875          891160 
          12925          878911 
          12975          888888 
          13025          880766 
          13075          882967 
          13125          858495 
          13175          861867 
          13225          869902 
          13275          856711 
          13325          856789 
          13375          854711 
          13425          855443 
          13475          852571 
          13525          849552 
          13575          839218 
          13625          833558 
          13675          838915 
          13725          840873 
          13775          835138 
          13825          835276 
          13875          825434 
          13925          809569 
          13975          815552 
          14025          809077 
          14075          811610 
          14125          797076 
          14175          801888 
          14225          791587 
          14275          771168 
          14325          792894 
          14375          794441 
          14425          778516 
          14475          793680 
          14525          780135 
          14570          779316 
          14620          769079 
          14675          768206 
          14725          763119 
          14775          765244 
          14825          768440 
          14875          745236 
          14925          776561 
          14975          772088 
          15025          721001 
          15075          744142 
          15125          762597 
          15175          766563 
          15225          762528 
          15275          761404 
          15325          765007 
          15375          761077 
          15425          756514 
          15475          768263 
          15525          752224 
          15575          750989 
          15625          763041 
          15675          747664 
          15725          746070 
          15775          707648 
          15825          740658 
          15875          718465 
          15925          735589 
          15975          739537 
          16050          735817 
          16150          726991 
          16250          722011 
          16350          718390 
          16450          704365 
          16550          703733 
          16650          686540 
          16750          665638 
          16850          657520 
          16950          655976 
          17050          633854 
          17150          616208 
          17250          607212 
          17350          592135 
          17450          585630 
          17550          575023 
          17650          565573 
          17750          551459 
          17850          544126 
          17950          535510 
          18050          518515 
          18150          511869 
          18250          498684 
          18350          490499 
          18450          473034 
          18550          470905 
          18650          459435 
          18750          447860 
          18850          445857 
          18950          426665 
          19050          431569 
          19150          422575 
          19250          416906 
          19350          401590 
          19450          391955 
          19550          392509 
          19650          385803 
          19750          369338 
          19850          367273 
          19950          362473 
          20050          362821 
          20150          357476 
          20250          346557 
          20350          341059 
          20450          339479 
          20550          331403 
          20650          323509 
          20750          321045 
          20850          314515 
          20950          306652 
          21050          305530 
          21150          299659 
          21250          295252 
          21350          291931 
          21450          287324 
          21550          282838 
          21650          276936 
          21750          271234 
          21850          268126 
          21950          265109 
          22050          255241 
          22150          258170 
          22250          250064 
          22350          247507 
          22450          244178 
          22550          241336 
          22650          234693 
          22750          234374 
          22850          227811 
          22950          205988 
          23050          213827 
          23150          211913 
          23250          190901 
          23350          197630 
          23450          199572 
          23550          179282 
          23650          188863 
          23750          187042 
          23850          170237 
          23950          177882 
          24050          178106 
          24150          164361 
          24250          168325 
          24350          168826 
          24450          159836 
          24550          156723 
          24650          160625 
          24750          154643 
          24850          148399 
          24950          152011 
          25050          150817 
          25150          143623 
          25250          142322 
          25350          142960 
          25450          140315 
          25550          139450 
          25650          137568 
          25750          138093 
          25850          132911 
          25950          133729 
          26050          132904 
          26150          132573 
          26250          128935 
          26350          128506 
          26450          126869 
          26550          123104 
          26650          122134 
          26750          122691 
          26850          121262 
          26950          118382 
          27050          117730 
          27150          115878 
          27250          114511 
          27350          113006 
          27450          112354 
          27550          110214 
          27650          108960 
          27750          107824 
          27850          105920 
          27950          104632 
          28050          100761 
          28150          101249 
          28250          100505 
          28350         99300.9 
          28450         98906.6 
          28550         96389.3 
          28650         96236.1 
          28750         94820.5 
          28850         93408.4 
          28950         92800.2 
          29050         90363.1 
          29150         91180.7 
          29250         86670.3 
          29350         88140.5 
          29450         84680.6 
          29550           86080 
          29650         83019.1 
          29750         83981.5 
          29850         81741.1 
          29950         82124.5 
          30050         79150.6 
          30150         80512.3 
          30250         78156.8 
          30350         78325.9 
          30450         75565.4 
          30550         76407.5 
          30650         75264.1 
          30750         74209.4 
          30850         72917.9 
          30950         71837.8 
          31050           72259 
          31150         70025.2 
          31250         70611.6 
          31350         68210.9 
          31450         68588.9 
          31550         67689.5 
          31650         67408.9 
          31750         66140.5 
          31850         65484.3 
          31950         64750.4 
          32100         64307.6 
          32300         62018.7 
          32500         61418.2 
          32700         59943.5 
          32900         58162.1 
          33100         57471.7 
          33300         55733.8 
          33500         54942.7 
          33700         54050.5 
          33900         52096.7 
          34100         51487.3 
          34300         50895.2 
          34500         49015.2 
          34700         48595.8 
          34900         47709.6 
          35100           46302 
          35300         45364.6 
          35500           44807 
          35700         43419.5 
          35900         42606.8 
          36100         42199.7 
          36300         40963.9 
          36500         40131.7 
          36700         39351.7 
          36900         38475.1 
          37100         37500.4 
          37300         36988.1 
          37500         36316.3 
          37700           35407 
          37900         35047.5 
          38100         34166.4 
          38300         33623.2 
          38500         32957.1 
          38700         32343.1 
          38900         31598.1 
          39100           31123 
          39300         30506.9 
          39500         29940.4 
          39700         29402.9 
          39900         28436.8 
          40100         28177.3 
          40300         27715.1 
          40500         26957.4 
          40700           26427 
          40900         26052.1 
          41100         25573.9 
          41300         25077.2 
          41500         24661.1 
          41700         24054.6 
          41900         23756.9 
          42100         23059.8 
          42300         22983.3 
          42500         22421.3 
          42700         22089.9 
          42900         20934.6 
          43100         19785.3 
          43300         19884.3 
          43500         18760.6 
          43700         18181.9 
          43900         17857.3 
          44100         16927.6 
          44300         16685.6 
          44500         16381.3 
          44700         15645.1 
          44900         15636.7 
          45100         15181.4 
          45300         14724.5 
          45500         14700.4 
          45700         14569.1 
          45900         13979.3 
          46100         14055.5 
          46300         13778.3 
          46500         13716.8 
          46700         13617.1 
          46900         13372.2 
          47100         13134.4 
          47300         13178.1 
          47500           12863 
          47700         12685.8 
          47900         12581.7 
          48100         12214.4 
          48300           12345 
          48500         12084.7 
          48700         11790.6 
          48900         11632.7 
          49100         11556.4 
          49300         11305.5 
          49500         11137.6 
          49700         11048.5 
          49900         10912.7 
          50100         10581.1 
          50300         10605.2 
          50500         10369.6 
          50700         10289.8 
          50900         10154.4 
          51100         9962.13 
          51300         9914.38 
          51500         9748.05 
          51700         9676.43 
          51900         9492.48 
          52100         9402.69 
          52300         9246.74 
          52500         9161.54 
          52700         9134.59 
          52900         8874.07 
          53100         8806.16 
          53300          8684.9 
          53500         8607.04 
          53700         8497.98 
          53900         8432.71 
          54100         8316.42 
          54300         8107.17 
          54500         8118.44 
          54700         7994.09 
          54900         7904.57 
          55100         7801.11 
          55300         7808.96 
          55500         7579.74 
          55700         7578.57 
          55900         7462.01 
          56100         7369.14 
          56300         7245.11 
          56500         7220.92 
          56700         7126.01 
          56900         6984.09 
          57100            6975 
          57300         6859.61 
          57500         6816.17 
          57700         6700.09 
          57900          6647.6 
          58100         6557.27 
          58300         6465.59 
          58500         6411.09 
          58700          6314.8 
          58900         6242.88 
          59100         6179.23 
          59300         6112.98 
          59500         6030.24 
          59700         5972.35 
          59900         5910.29 
          60100         5847.12 
          60300         5758.26 
          60500         5671.56 
          60700         5622.91 
          60900         5557.28 
          61100            5471 
          61300         5441.38 
          61500         5367.39 
          61700          5311.3 
          61900         5252.84 
          62100         5192.29 
          62300         5128.73 
          62500         5054.08 
          62700         4991.99 
          62900         4950.32 
          63100         4879.33 
          63300         4841.98 
          63500         4764.99 
          63700         4727.04 
          63900         4655.87 
          64200         4573.15 
          64600         4434.11 
          65000         4321.75 
          65400         4221.74 
          65800         4099.21 
          66200         3996.02 
          66600         3920.06 
          67000         3821.75 
          67400          3744.2 
          67800         3646.32 
          68200         3556.92 
          68600         3501.07 
          69000         3418.89 
          69400         3337.38 
          69800         3282.76 
          70200         3193.84 
          70600         3130.25 
          71000            3064 
          71400         3002.48 
          71800         2943.04 
          72200         2869.47 
          72600         2811.71 
          73000         2762.31 
          73400         2694.32 
          73800          2646.1 
          74200          2583.3 
          74600         2535.02 
          75000         2486.09 
          75400          2429.1 
          75800         2356.78 
          76200         2301.61 
          76600         2243.02 
          77000         2195.89 
          77400         2132.38 
          77800          2090.4 
          78200         2040.67 
          78600         1993.79 
          79000         1952.59 
          79400         1912.95 
          79800         1872.64 
          80200         1841.12 
          80600          1804.5 
          81000         1772.32 
          81400         1745.61 
          81800         1712.93 
          82200         1682.53 
          82600         1657.44 
          83000          1623.4 
          83400         1593.84 
          83800         1563.91 
          84200         1540.58 
          84600         1511.26 
          85000         1482.78 
          85400          1460.3 
          85800         1432.84 
          86200         1409.79 
          86600         1381.63 
          87000         1361.88 
          87400         1337.36 
          87800         1311.28 
          88200         1288.22 
          88600         1268.84 
          89000         1248.19 
          89400         1225.73 
          89800         1203.53 
          90200         1187.79 
          90600         1169.29 
          91000         1148.03 
          91400         1127.08 
          91800          1111.2 
          92200         1091.75 
          92600         1074.95 
          93000         1058.84 
          93400         1041.03 
          93800         1022.53 
          94200         1008.05 
          94600          989.99 
          95000         977.245 
          95400         964.513 
          95800         944.409 
          96200         932.175 
          96600         915.224 
          97000         903.769 
          97400         889.094 
          97800         873.958 
          98200         862.674 
          98600         849.564 
          99000         831.489 
          99400         821.189 
          99800         810.306 
         100200         797.772 
         200000         52.6717 
         400000         3.35714 
         600000        0.664196 
         800000        0.209598 
         1.0e+6       0.0855479 
         1.2e+6       0.0411003 
         1.4e+6       0.0221041 
         1.6e+6       0.0129111 
